Locus	Het	Fst	P(Simul Fst<sample Fst)
SNP_1	0.123266	0.086604	0.669938
SNP_2	0.265305	0.071647	0.538084
SNP_3	0.045833	0.019822	0.396919
SNP_4	0.092645	0.045746	0.426742
SNP_5	0.020408	0.037037	0.5
SNP_6	0.051668	0.008882	0.242361
SNP_7	0.227564	0.093426	0.667464
SNP_8	0.227564	0.093426	0.667464
SNP_9	0.227564	0.093426	0.667464
SNP_10	0.043768	0.062957	0.677928
SNP_11	0.043768	0.062957	0.677928
SNP_12	0.043768	0.062957	0.677928
SNP_13	0.021967	-0.006452	0.5
SNP_14	0.021967	-0.006452	0.5
SNP_15	0.057143	0.157895	0.951074
SNP_16	0.368706	0.072604	0.531459
SNP_17	0.079893	0.065638	0.586211
SNP_18	0.112968	0.065931	0.547432
SNP_19	0.112968	0.065931	0.547432
SNP_20	0.112968	0.065931	0.547432
SNP_21	0.293781	0.064731	0.48435
SNP_22	0.184956	-0.022059	0.007527
SNP_23	0.100747	-0.014568	0.014114
SNP_24	0.122799	-0.026567	0.002477
SNP_25	0.446402	0.416911	0.999978
SNP_26	0.446402	0.416911	0.999978
SNP_27	0.446402	0.416911	0.999978
SNP_28	0.446402	0.416911	0.999978
SNP_29	0.033578	0.017091	0.283589
SNP_30	0.219324	0.03559	0.312299
SNP_31	0.218927	0.021894	0.208165
SNP_32	0.324436	0.04441	0.326654
SNP_33	0.025092	-0.007299	0.139856
SNP_34	0.116626	0.018168	0.229135
SNP_35	0.067596	0.034909	0.465676
SNP_36	0.249481	0.038687	0.317514
SNP_37	0.326017	0.048991	0.360952
SNP_38	0.035384	0.019911	0.397648
SNP_39	0.271089	0.066004	0.505267
SNP_40	0.037142	0.003858	0.229031
SNP_41	0.281604	0.184806	0.931887
SNP_42	0.040816	0.111111	1.0
SNP_43	0.020408	0.037037	0.5
SNP_44	0.040816	0.111111	1.0
SNP_45	0.025974	0.047619	1.0
SNP_46	0.023065	-0.006452	0.5
SNP_47	0.023065	-0.006452	0.5
SNP_48	0.057024	0.012803	0.285187
SNP_49	0.060306	-0.027534	0.0
SNP_50	0.083958	0.018638	0.256751
SNP_51	0.087171	-0.002628	0.060159
SNP_52	0.095005	0.018557	0.215787
SNP_53	0.236439	0.048801	0.409504
SNP_54	0.105531	0.061182	0.520781
SNP_55	0.208084	0.071769	0.556273
SNP_56	0.191415	0.024005	0.218181
SNP_57	0.500451	-0.015292	0.018857
SNP_58	0.427832	0.157071	0.891537
SNP_59	0.138562	0.105001	0.748093
SNP_60	0.412724	-0.01006	0.023282
SNP_61	0.192402	0.035445	0.30936
SNP_62	0.083583	-0.033143	0.0
SNP_63	0.048823	-0.001098	0.115305
SNP_64	0.022741	-0.006711	0.5
SNP_65	0.090903	0.108233	0.77645
SNP_66	0.090903	0.108233	0.77645
SNP_67	0.090903	0.108233	0.77645
SNP_68	0.162478	0.045506	0.381262
SNP_69	0.231339	0.015041	0.159169
SNP_70	0.383522	0.19042	0.947393
SNP_71	0.047829	0.003416	0.175917
SNP_72	0.047829	0.003416	0.175917
SNP_73	0.047829	0.003416	0.175917
SNP_74	0.035714	0.086957	0.862845
SNP_75	0.045012	0.002294	0.20645
SNP_76	0.462238	0.425601	0.999998
SNP_77	0.462238	0.425601	0.999998
SNP_78	0.462238	0.425601	0.999998
SNP_79	0.462238	0.425601	0.999998
SNP_80	0.161691	0.075225	0.553215
SNP_81	0.035714	0.086957	0.862845
SNP_82	0.335634	0.254374	0.987916
SNP_83	0.045177	0.02886	0.463759
SNP_84	0.048319	0.038552	0.487643
SNP_85	0.128008	0.138878	0.850429
SNP_86	0.128008	0.138878	0.850429
SNP_87	0.140804	0.035092	0.366603
SNP_88	0.072658	0.032006	0.374282
SNP_89	0.40186	-0.016708	0.007702
SNP_90	0.028333	-0.008403	0.129775
SNP_91	0.152463	0.024832	0.235057
SNP_92	0.135979	0.272217	0.980564
SNP_93	0.025992	-0.007634	0.1369
SNP_94	0.028333	-0.008403	0.129775
SNP_95	0.028333	-0.008403	0.129775
SNP_96	0.045503	0.029412	0.467433
SNP_97	0.028333	-0.008403	0.129775
SNP_98	0.028333	-0.008403	0.129775
SNP_99	0.094709	0.05638	0.49366
SNP_100	0.035714	0.066667	0.703305
SNP_101	0.035714	0.066667	0.703305
SNP_102	0.035714	0.066667	0.703305
SNP_103	0.293995	0.023313	0.186022
SNP_104	0.293995	0.023313	0.186022
SNP_105	0.295511	0.010974	0.102727
SNP_106	0.034632	0.015769	0.276553
SNP_107	0.034632	0.015769	0.276553
SNP_108	0.03373	0.022287	0.312487
SNP_109	0.020408	0.037037	0.5
SNP_110	0.031746	0.058824	1.0
SNP_111	0.080087	-0.010236	0.014352
SNP_112	0.197766	-0.005301	0.042377
SNP_113	0.162457	0.023316	0.224296
SNP_114	0.162457	0.023316	0.224296
SNP_115	0.301441	0.262538	0.987722
SNP_116	0.099567	0.174993	0.92389
SNP_117	0.057143	0.157895	0.951074
SNP_118	0.143757	0.126272	0.818029
SNP_119	0.028571	0.052632	1.0
SNP_120	0.201802	0.079911	0.602827
SNP_121	0.246809	0.057536	0.467333
SNP_122	0.246809	0.057536	0.467333
SNP_123	0.115762	0.032142	0.326088
SNP_124	0.503846	0.062208	0.457873
SNP_125	0.503846	0.062208	0.457873
SNP_126	0.503846	0.062208	0.457873
SNP_127	0.503846	0.062208	0.457873
SNP_128	0.040079	0.027619	0.455346
SNP_129	0.353573	0.137208	0.828994
SNP_130	0.076923	0.24	0.985773
SNP_131	0.075149	0.033063	0.382718
SNP_132	0.482618	0.067867	0.485526
SNP_133	0.482618	0.067867	0.485526
SNP_134	0.482618	0.067867	0.485526
SNP_135	0.479413	0.065506	0.471278
SNP_136	0.047619	0.117647	0.8403
SNP_137	0.025974	0.047619	1.0
SNP_138	0.427752	0.018341	0.143562
SNP_139	0.108399	0.00032	0.079949
SNP_140	0.108399	0.00032	0.079949
SNP_141	0.093178	0.180934	0.932188
SNP_142	0.093178	0.180934	0.932188
SNP_143	0.41861	0.043573	0.325047
SNP_144	0.41861	0.043573	0.325047
SNP_145	0.41861	0.043573	0.325047
SNP_146	0.040816	0.111111	1.0
SNP_147	0.365843	0.171567	0.911585
SNP_148	0.066718	0.075791	0.676738
SNP_149	0.066718	0.075791	0.676738
SNP_150	0.066718	0.075791	0.676738
SNP_151	0.199436	0.143374	0.856758
SNP_152	0.141667	0.035762	0.371742
SNP_153	0.138384	-0.027435	0.001962
SNP_154	0.172964	0.158951	0.866505
SNP_155	0.030612	0.074074	1.0
SNP_156	0.097189	-0.011086	0.024351
SNP_157	0.059543	0.019851	0.352966
SNP_158	0.059543	0.019851	0.352966
SNP_159	0.079121	0.152778	0.895617
SNP_160	0.460038	0.231278	0.9848
SNP_161	0.329308	0.140199	0.846864
SNP_162	0.058452	0.006513	0.214547
SNP_163	0.182727	0.00899	0.111531
SNP_164	0.13034	0.033927	0.357584
SNP_165	0.061446	-0.00248	0.095982
SNP_166	0.45379	0.246226	0.990483
SNP_167	0.232965	0.032141	0.2859
SNP_168	0.067832	0.14347	0.916825
SNP_169	0.36962	0.271293	0.991052
SNP_170	0.071658	0.114748	0.798501
SNP_171	0.21131	0.212481	0.956793
SNP_172	0.041741	0.005615	0.25254
SNP_173	0.152393	0.111688	0.724455
SNP_174	0.42231	0.097757	0.668032
SNP_175	0.444394	0.114224	0.749489
SNP_176	0.471785	0.067024	0.490638
SNP_177	0.341595	0.020015	0.15079
SNP_178	0.494782	0.112476	0.748555
SNP_179	0.494782	0.112476	0.748555
SNP_180	0.518366	0.35497	0.999948
SNP_181	0.037518	0.023352	0.424658
SNP_182	0.340486	0.04013	0.29431
SNP_183	0.230556	0.012293	0.140741
SNP_184	0.358213	0.029262	0.226777
SNP_185	0.275732	-0.007168	0.032606
SNP_186	0.358213	0.029262	0.226777
SNP_187	0.275732	-0.007168	0.032606
SNP_188	0.071609	0.131968	0.8487
SNP_189	0.071609	0.131968	0.8487
SNP_190	0.239406	0.091839	0.659475
SNP_191	0.101827	0.053757	0.478225
SNP_192	0.076383	0.027334	0.335379
SNP_193	0.281934	0.105098	0.716002
SNP_194	0.132572	0.01517	0.204494
SNP_195	0.022741	-0.006711	0.5
SNP_196	0.056277	0.081894	0.703751
SNP_197	0.056277	0.081894	0.703751
SNP_198	0.072573	0.023143	0.298389
SNP_199	0.055272	0.027692	0.416452
SNP_200	0.055272	0.027692	0.416452
SNP_201	0.148349	0.075743	0.555925
SNP_202	0.305845	0.361277	0.99908
SNP_203	0.442227	0.042738	0.309782
SNP_204	0.465053	0.112773	0.740735
SNP_205	0.465053	0.112773	0.740735
SNP_206	0.411631	0.026357	0.197097
SNP_207	0.268424	0.084035	0.608782
SNP_208	0.268424	0.084035	0.608782
SNP_209	0.061254	0.017276	0.329485
SNP_210	0.322008	0.064282	0.467791
SNP_211	0.107376	0.174205	0.922725
SNP_212	0.051928	0.093278	0.751177
SNP_213	0.396195	-0.003021	0.039128
SNP_214	0.160221	0.008244	0.124709
SNP_215	0.160221	0.008244	0.124709
SNP_216	0.040816	0.111111	1.0
SNP_217	0.483318	0.293853	0.997636
SNP_218	0.038567	0.021866	0.413264
SNP_219	0.06144	-0.006264	0.043437
SNP_220	0.324575	0.099321	0.673959
SNP_221	0.413921	0.036745	0.273371
SNP_222	0.413921	0.036745	0.273371
SNP_223	0.031746	0.058824	1.0
SNP_224	0.031746	0.058824	1.0
SNP_225	0.34009	0.091465	0.630417
SNP_226	0.058442	0.060553	0.604325
SNP_227	0.346862	0.137694	0.838976
SNP_228	0.076531	0.088567	0.698692
SNP_229	0.340036	0.18844	0.94531
SNP_230	0.505909	0.141582	0.863229
SNP_231	0.505909	0.141582	0.863229
SNP_232	0.119699	0.008545	0.151939
SNP_233	0.136234	0.017433	0.223066
SNP_234	0.445182	0.091991	0.631788
SNP_235	0.150905	0.1154	0.738942
SNP_236	0.185689	0.028861	0.256617
SNP_237	0.092743	0.03956	0.382807
SNP_238	0.092743	0.03956	0.382807
SNP_239	0.471224	0.131335	0.817442
SNP_240	0.042301	-0.019101	0.0
SNP_241	0.126169	-0.016121	0.01845
SNP_242	0.034493	0.021162	0.30601
SNP_243	0.419636	0.24404	0.984034
SNP_244	0.043196	0.004211	0.233902
SNP_245	0.075149	0.015755	0.229322
SNP_246	0.129972	0.05264	0.487289
SNP_247	0.129972	0.05264	0.487289
SNP_248	0.129972	0.05264	0.487289
SNP_249	0.244747	0.104689	0.720661
SNP_250	0.241561	0.10579	0.725518
SNP_251	0.299141	0.089838	0.625231
SNP_252	0.289019	0.088333	0.617165
SNP_253	0.13369	-0.000905	0.086039
SNP_254	0.243778	-0.03452	0.000813
SNP_255	0.030812	0.007438	0.233001
SNP_256	0.021263	-0.005988	0.5
SNP_257	0.032967	0.08	1.0
SNP_258	0.363679	0.262652	0.988828
SNP_259	0.047619	0.117647	0.8403
SNP_260	0.085498	0.089331	0.702038
SNP_261	0.117478	0.087368	0.673522
SNP_262	0.096108	0.017403	0.206383
SNP_263	0.182619	0.055599	0.458811
SNP_264	0.010989	0.0	0.5
SNP_265	0.377034	-0.035348	3.6e-05
SNP_266	0.079696	0.026912	0.33174
SNP_267	0.029705	0.017812	0.287467
SNP_268	0.029705	0.017812	0.287467
SNP_269	0.029705	0.017812	0.287467
SNP_270	0.029705	0.017812	0.287467
SNP_271	0.040816	0.076923	0.778412
SNP_272	0.213953	0.085807	0.635053
SNP_273	0.040816	0.111111	1.0
SNP_274	0.040816	0.111111	1.0
SNP_275	0.068559	-0.003008	0.088556
SNP_276	0.093221	0.029028	0.301263
SNP_277	0.097897	0.023807	0.258809
SNP_278	0.047619	0.130435	0.880521
SNP_279	0.155905	0.110827	0.721009
SNP_280	0.052894	0.017144	0.328243
SNP_281	0.054674	0.036961	0.47827
SNP_282	0.020408	0.037037	0.5
SNP_283	0.166667	0.565217	0.99973
SNP_284	0.166667	0.565217	0.99973
SNP_285	0.182055	0.037968	0.329407
SNP_286	0.166667	0.565217	0.99973
SNP_287	0.166667	0.565217	0.99973
SNP_288	0.166667	0.565217	0.99973
SNP_289	0.157941	-0.021496	0.01237
SNP_290	0.494642	-0.052139	5.2e-05
SNP_291	0.494642	-0.052139	5.2e-05
SNP_292	0.482793	0.1688	0.913112
SNP_293	0.482793	0.1688	0.913112
SNP_294	0.484233	0.160169	0.894522
SNP_295	0.0418	0.010007	0.304509
SNP_296	0.249995	0.060918	0.474946
SNP_297	0.084998	0.050574	0.501913
SNP_298	0.241154	-0.001467	0.063932
SNP_299	0.09077	0.015307	0.22502
SNP_300	0.172591	0.038979	0.336239
SNP_301	0.061731	0.054116	0.571611
SNP_302	0.139834	0.062278	0.542508
SNP_303	0.035714	0.066667	0.703305
SNP_304	0.100863	0.016769	0.201235
SNP_305	0.228701	0.170618	0.911182
SNP_306	0.10894	-0.014918	0.013265
SNP_307	0.345137	0.040058	0.293765
SNP_308	0.500723	-0.028906	0.004303
SNP_309	0.016807	0.030303	0.5
SNP_310	0.36986	0.069123	0.511461
SNP_311	0.24585	0.08531	0.625453
SNP_312	0.244846	0.141849	0.85088
SNP_313	0.204062	0.049225	0.414859
SNP_314	0.204062	0.049225	0.414859
SNP_315	0.204062	0.049225	0.414859
SNP_316	0.45955	0.062109	0.460671
SNP_317	0.357898	-0.000657	0.036198
SNP_318	0.052427	0.091878	0.745549
SNP_319	0.443512	0.256884	0.993085
SNP_320	0.203483	0.070271	0.547523
SNP_321	0.090136	0.15635	0.902354
SNP_322	0.090136	0.15635	0.902354
SNP_323	0.203964	0.003306	0.079463
SNP_324	0.114459	0.108834	0.755033
SNP_325	0.337136	0.08688	0.60389
SNP_326	0.449338	0.062552	0.452895
SNP_327	0.449338	0.062552	0.452895
SNP_328	0.158841	0.145066	0.833725
SNP_329	0.09856	0.014473	0.182738
SNP_330	0.293917	0.133814	0.816125
SNP_331	0.293917	0.133814	0.816125
SNP_332	0.293917	0.133814	0.816125
SNP_333	0.030612	0.074074	1.0
SNP_334	0.030612	0.074074	1.0
SNP_335	0.035714	0.086957	0.862845
SNP_336	0.115916	0.069579	0.56767
SNP_337	0.116433	0.068599	0.56226
SNP_338	0.210113	0.06007	0.487223
SNP_339	0.16082	0.016393	0.176459
SNP_340	0.054389	-0.02476	0.0
SNP_341	0.081655	-0.003783	0.051557
SNP_342	0.100559	-0.030677	1.6e-05
SNP_343	0.22514	0.013539	0.148994
SNP_344	0.038961	0.095238	0.94681
SNP_345	0.025777	-0.007634	0.1369
SNP_346	0.511932	0.201286	0.94889
SNP_347	0.511932	0.201286	0.94889
SNP_348	0.021062	-0.006211	0.5
SNP_349	0.327647	-0.012087	0.018888
SNP_350	0.097375	0.004634	0.108386
SNP_351	0.097375	0.004634	0.108386
SNP_352	0.060148	-0.006918	0.034891
SNP_353	0.060148	-0.006918	0.034891
SNP_354	0.060148	-0.006918	0.034891
SNP_355	0.041171	0.027087	0.451672
SNP_356	0.386993	0.050654	0.38934
SNP_357	0.095679	0.052935	0.473241
SNP_358	0.537022	0.473758	1.0
SNP_359	0.537022	0.473758	1.0
SNP_360	0.537022	0.473758	1.0
SNP_361	0.537022	0.473758	1.0
SNP_362	0.414542	0.012402	0.108584
SNP_363	0.051948	0.142857	0.915227
SNP_364	0.132726	0.128492	0.824184
SNP_365	0.110472	0.065378	0.544342
SNP_366	0.132726	0.128492	0.824184
SNP_367	0.44753	0.164061	0.91388
SNP_368	0.480462	0.089139	0.607854
SNP_369	0.408252	0.123726	0.789643
SNP_370	0.407545	0.126317	0.799673
SNP_371	0.047619	0.130435	0.880521
SNP_372	0.378694	0.20925	0.966737
SNP_373	0.446352	0.082735	0.576873
SNP_374	0.441474	0.087265	0.604021
SNP_375	0.366882	0.092118	0.639857
SNP_376	0.366882	0.092118	0.639857
SNP_377	0.021296	-0.006211	0.5
SNP_378	0.02862	-0.008403	0.129775
SNP_379	0.036436	0.018511	0.385991
SNP_380	0.036436	0.018511	0.385991
SNP_381	0.030574	0.009991	0.246382
SNP_382	0.186685	-0.034024	0.001369
SNP_383	0.072664	0.012082	0.19386
SNP_384	0.04128	-0.000111	0.167985
SNP_385	0.095671	-0.018994	0.005656
SNP_386	0.168793	0.160634	0.870043
SNP_387	0.138654	0.047929	0.457986
SNP_388	0.138654	0.047929	0.457986
SNP_389	0.138654	0.047929	0.457986
SNP_390	0.295987	0.10221	0.688171
SNP_391	0.515871	0.2036	0.952066
SNP_392	0.515871	0.2036	0.952066
SNP_393	0.292819	0.094267	0.648489
SNP_394	0.264136	0.222771	0.96693
SNP_395	0.091837	0.296296	0.998188
SNP_396	0.091837	0.296296	0.998188
SNP_397	0.091837	0.296296	0.998188
SNP_398	0.065136	0.008581	0.23891
SNP_399	0.466713	0.02181	0.175495
SNP_400	0.330742	-0.024257	0.004746
SNP_401	0.087396	0.022698	0.294356
SNP_402	0.499886	0.005007	0.0797
SNP_403	0.082019	0.072364	0.621527
SNP_404	0.038095	0.103448	1.0
SNP_405	0.061254	0.029106	0.426739
SNP_406	0.050926	0.047996	0.539403
SNP_407	0.50948	0.219655	0.969981
SNP_408	0.50948	0.219655	0.969981
SNP_409	0.120793	0.076351	0.61914
SNP_410	0.381111	0.16945	0.915091
SNP_411	0.412664	0.255295	0.98764
SNP_412	0.409077	0.075332	0.538489
SNP_413	0.409077	0.075332	0.538489
SNP_414	0.021967	-0.006452	0.5
SNP_415	0.412648	0.357429	0.998784
SNP_416	0.060306	-0.027534	0.0
SNP_417	0.020408	0.0	0.5
SNP_418	0.41521	0.046731	0.348795
SNP_419	0.021978	0.04	0.5
SNP_420	0.047286	0.030664	0.437699
SNP_421	0.021978	0.04	0.5
SNP_422	0.062401	0.006079	0.209289
SNP_423	0.020408	0.037037	0.5
SNP_424	0.158195	0.016347	0.17615
SNP_425	0.177085	0.028179	0.259009
SNP_426	0.141579	0.018953	0.23563
SNP_427	0.033578	0.017091	0.283589
SNP_428	0.377078	0.181268	0.934902
SNP_429	0.173875	0.044521	0.374599
SNP_430	0.103571	0.048634	0.446038
SNP_431	0.068921	-0.000468	0.124025
SNP_432	0.200763	0.041811	0.359458
SNP_433	0.191653	0.026077	0.234469
SNP_434	0.507898	0.092739	0.551108
SNP_435	0.085154	0.038263	0.422181
SNP_436	0.267871	0.078676	0.578627
SNP_437	0.306915	0.037638	0.295159
SNP_438	0.210446	0.10448	0.725929
SNP_439	0.048737	0.010043	0.255451
SNP_440	0.510958	0.120941	0.701527
SNP_441	0.055416	0.014835	0.305885
SNP_442	0.024711	-0.007299	0.139856
SNP_443	0.078305	0.1127	0.791759
SNP_444	0.043378	0.003931	0.230045
SNP_445	0.082299	-0.002694	0.059655
SNP_446	0.255165	0.087034	0.625244
SNP_447	0.047619	0.130435	0.880521
SNP_448	0.061748	0.070734	0.653497
SNP_449	0.042857	0.105263	1.0
SNP_450	0.463174	0.008312	0.093945
SNP_451	0.113329	-0.00118	0.070888
SNP_452	0.045675	-0.001182	0.149073
SNP_453	0.069882	0.000511	0.137429
SNP_454	0.030574	-0.00885	0.125382
SNP_455	0.148076	-0.014785	0.025722
SNP_456	0.141472	-0.022084	0.00683
SNP_457	0.108844	0.141667	0.859024
SNP_458	0.108844	0.141667	0.859024
SNP_459	0.14242	0.013835	0.193647
SNP_460	0.021978	0.04	0.5
SNP_461	0.032967	0.08	1.0
SNP_462	0.507372	0.065151	0.476764
SNP_463	0.138238	0.091219	0.691145
SNP_464	0.096797	0.016226	0.196838
SNP_465	0.132653	0.444444	0.998111
SNP_466	0.132653	0.444444	0.998111
SNP_467	0.132653	0.444444	0.998111
SNP_468	0.132653	0.444444	0.998111
SNP_469	0.240885	0.23583	0.973461
SNP_470	0.240885	0.23583	0.973461
SNP_471	0.240885	0.23583	0.973461
SNP_472	0.240885	0.23583	0.973461
SNP_473	0.032685	0.018276	0.289981
SNP_474	0.204296	0.21766	0.960481
SNP_475	0.199326	0.047845	0.40486
SNP_476	0.367249	-0.011396	0.008178
SNP_477	0.367249	-0.011396	0.008178
SNP_478	0.035012	-0.013863	0.040443
SNP_479	0.239064	0.065145	0.512266
SNP_480	0.239064	0.065145	0.512266
SNP_481	0.165383	0.196101	0.926807
SNP_482	0.406966	0.026294	0.196654
SNP_483	0.028333	-0.008403	0.129775
SNP_484	0.045503	0.029412	0.467433
SNP_485	0.028571	0.052632	1.0
SNP_486	0.194142	0.053805	0.446833
SNP_487	0.510032	0.231913	0.979586
SNP_488	0.301406	-0.005303	0.028368
SNP_489	0.301406	-0.005303	0.028368
SNP_490	0.157848	0.076375	0.559225
SNP_491	0.502089	0.225448	0.984805
SNP_492	0.034632	0.015769	0.276553
SNP_493	0.033086	0.013499	0.264636
SNP_494	0.036436	0.018511	0.385991
SNP_495	0.3079	0.145664	0.85178
SNP_496	0.503472	0.087149	0.610216
SNP_497	0.432819	0.042483	0.307854
SNP_498	0.149749	0.118784	0.751624
SNP_499	0.038567	0.021866	0.413264
SNP_500	0.214145	0.019201	0.181462
SNP_501	0.140889	0.381085	0.995731
SNP_502	0.13961	0.373807	0.995298
SNP_503	0.214545	0.171642	0.912831
SNP_504	0.267355	-0.033104	0.000605
SNP_505	0.218105	-0.041944	9.4e-05
SNP_506	0.164101	0.114975	0.737314
SNP_507	0.331574	0.119362	0.770658
SNP_508	0.488893	0.042944	0.315794
SNP_509	0.238832	-0.02243	0.007685
SNP_510	0.219974	0.008515	0.116876
SNP_511	0.065705	-0.00489	0.06217
SNP_512	0.069536	0.053959	0.570798
SNP_513	0.185622	0.029095	0.258488
SNP_514	0.283867	0.022803	0.182285
SNP_515	0.283867	0.022803	0.182285
SNP_516	0.491689	0.070129	0.498714
SNP_517	0.491689	0.070129	0.498714
SNP_518	0.041863	0.026555	0.447957
SNP_519	0.234647	-0.020427	0.010133
SNP_520	0.446971	0.066696	0.479664
SNP_521	0.446971	0.066696	0.479664
SNP_522	0.446971	0.066696	0.479664
SNP_523	0.339578	-0.00051	0.048855
SNP_524	0.140409	0.024001	0.27748
SNP_525	0.263094	0.066914	0.51055
SNP_526	0.263094	0.066914	0.51055
SNP_527	0.469603	0.100104	0.678163
SNP_528	0.387775	0.171275	0.918447
SNP_529	0.293456	0.054096	0.416215
SNP_530	0.060606	0.053793	0.569938
SNP_531	0.365336	0.180759	0.926726
SNP_532	0.397248	0.000712	0.053419
SNP_533	0.231328	0.261006	0.983353
SNP_534	0.369168	0.186569	0.935084
SNP_535	0.369168	0.186569	0.935084
SNP_536	0.369168	0.186569	0.935084
SNP_537	0.030166	0.022	0.31082
SNP_538	0.058541	-0.011159	0.0
SNP_539	0.058541	-0.011159	0.0
SNP_540	0.185174	0.173387	0.914843
SNP_541	0.128571	0.421053	0.997461
SNP_542	0.037696	-0.015018	0.0
SNP_543	0.042693	0.004763	0.241366
SNP_544	0.114286	0.368421	0.99945
SNP_545	0.16881	0.218902	0.949596
SNP_546	0.16881	0.218902	0.949596
SNP_547	0.43097	0.145701	0.868727
SNP_548	0.43744	0.155607	0.895045
SNP_549	0.24488	0.006983	0.107745
SNP_550	0.24488	0.006983	0.107745
SNP_551	0.24488	0.006983	0.107745
SNP_552	0.2123	0.100902	0.70995
SNP_553	0.327306	0.002439	0.059655
SNP_554	0.327306	0.002439	0.059655
SNP_555	0.080837	0.002623	0.104199
SNP_556	0.05369	0.008052	0.232786
SNP_557	0.055608	-0.025414	0.0
SNP_558	0.080837	0.002623	0.104199
SNP_559	0.48418	0.3734	0.999917
SNP_560	0.330618	0.26219	0.989928
SNP_561	0.330618	0.26219	0.989928
SNP_562	0.363097	0.044772	0.348858
SNP_563	0.039222	0.049684	0.592086
SNP_564	0.049062	0.031604	0.444127
SNP_565	0.021978	0.04	0.5
SNP_566	0.204816	-0.032461	0.001748
SNP_567	0.153258	0.030382	0.274849
SNP_568	0.253934	0.034023	0.281478
SNP_569	0.253934	0.034023	0.281478
SNP_570	0.112624	0.054543	0.482925
SNP_571	0.166253	0.013891	0.159926
SNP_572	0.166253	0.013891	0.159926
SNP_573	0.166253	0.013891	0.159926
SNP_574	0.166253	0.013891	0.159926
SNP_575	0.333891	0.105028	0.703751
SNP_576	0.333891	0.105028	0.703751
SNP_577	0.047619	0.130435	0.880521
SNP_578	0.071429	0.217391	0.973875
SNP_579	0.071429	0.217391	0.973875
SNP_580	0.497026	0.011823	0.112831
SNP_581	0.230447	-0.001673	0.063014
SNP_582	0.374582	0.060597	0.460489
SNP_583	0.434322	0.074803	0.528801
SNP_584	0.43187	-0.021142	0.005495
SNP_585	0.039827	0.020186	0.399889
SNP_586	0.303366	0.001695	0.054291
SNP_587	0.16927	0.256458	0.972712
SNP_588	0.024711	-0.007299	0.139856
SNP_589	0.073049	0.059412	0.552075
SNP_590	0.021062	-0.006211	0.5
SNP_591	0.024711	-0.007299	0.139856
SNP_592	0.230963	0.148016	0.866339
SNP_593	0.032029	0.014749	0.271178
SNP_594	0.087734	0.103189	0.758143
SNP_595	0.057822	-0.004093	0.073299
SNP_596	0.289543	-0.008776	0.019053
SNP_597	0.102136	-0.012416	0.020053
SNP_598	0.102136	-0.012416	0.020053
SNP_599	0.211045	-0.026196	0.004366
SNP_600	0.273778	-0.011429	0.02142
SNP_601	0.102136	-0.012416	0.020053
SNP_602	0.203109	0.038613	0.334497
SNP_603	0.185549	0.324106	0.993241
SNP_604	0.300397	0.582877	1.0
SNP_605	0.037698	0.016934	0.372345
SNP_606	0.039242	0.015144	0.356133
SNP_607	0.043767	0.003601	0.225435
SNP_608	0.477741	0.110483	0.719798
SNP_609	0.04898	0.045817	0.527696
SNP_610	0.040816	0.111111	1.0
SNP_611	0.035384	0.019911	0.397648
SNP_612	0.154113	0.01967	0.198782
SNP_613	0.154113	0.01967	0.198782
SNP_614	0.081389	0.086967	0.691598
SNP_615	0.021978	0.04	0.5
SNP_616	0.041863	0.026555	0.447957
SNP_617	0.023651	-0.006711	0.5
SNP_618	0.028571	0.052632	1.0
SNP_619	0.048737	0.010043	0.255451
SNP_620	0.0707	0.150057	0.890242
SNP_621	0.048737	0.010043	0.255451
SNP_622	0.076479	0.062803	0.570823
SNP_623	0.086463	-0.002923	0.057917
SNP_624	0.331132	0.254505	0.987953
SNP_625	0.331132	0.254505	0.987953
SNP_626	0.331132	0.254505	0.987953
SNP_627	0.165537	0.123522	0.768544
SNP_628	0.035714	0.086957	0.862845
SNP_629	0.372252	0.305117	0.996433
SNP_630	0.330242	-0.022205	0.006202
SNP_631	0.330242	-0.022205	0.006202
SNP_632	0.330242	-0.022205	0.006202
SNP_633	0.059259	0.039031	0.490399
SNP_634	0.059259	0.039031	0.490399
SNP_635	0.059259	0.039031	0.490399
SNP_636	0.176379	0.105085	0.697204
SNP_637	0.061224	0.185185	0.994276
SNP_638	0.103175	0.074102	0.592324
SNP_639	0.141968	0.050761	0.475894
SNP_640	0.141968	0.050761	0.475894
SNP_641	0.043647	0.000424	0.176988
SNP_642	0.131305	-0.000111	0.091
SNP_643	0.131305	-0.000111	0.091
SNP_644	0.131305	-0.000111	0.091
SNP_645	0.131305	-0.000111	0.091
SNP_646	0.048096	0.010307	0.258378
SNP_647	0.101757	0.194138	0.947853
SNP_648	0.506821	0.276916	0.996898
SNP_649	0.131949	0.019599	0.240982
SNP_650	0.083143	0.0779	0.649202
SNP_651	0.083143	0.0779	0.649202
SNP_652	0.437774	0.104882	0.703074
SNP_653	0.163109	0.022907	0.221406
SNP_654	0.173416	0.006092	0.112202
SNP_655	0.268202	0.083307	0.604737
SNP_656	0.268202	0.083307	0.604737
SNP_657	0.075517	0.135631	0.857977
SNP_658	0.335007	0.046976	0.345934
SNP_659	0.499604	0.028221	0.214744
SNP_660	0.237161	0.027704	0.251918
SNP_661	0.237161	0.027704	0.251918
SNP_662	0.449079	0.127894	0.808315
SNP_663	0.447424	0.140821	0.853919
SNP_664	0.241026	0.083319	0.614738
SNP_665	0.287866	0.021029	0.169439
SNP_666	0.241026	0.083319	0.614738
SNP_667	0.434039	0.050429	0.367418
SNP_668	0.041366	0.018272	0.383959
SNP_669	0.260263	0.001672	0.066045
SNP_670	0.078483	-0.010137	0.014756
SNP_671	0.078483	-0.010137	0.014756
SNP_672	0.125629	0.089679	0.684187
SNP_673	0.191732	0.027117	0.242714
SNP_674	0.191732	0.027117	0.242714
SNP_675	0.051565	-0.023164	0.0
SNP_676	0.035869	0.025862	0.443054
SNP_677	0.19858	0.223199	0.964068
SNP_678	0.449973	0.047651	0.346768
SNP_679	0.449973	0.047651	0.346768
SNP_680	0.333262	-0.030359	0.001929
SNP_681	0.328555	-0.030345	0.001933
SNP_682	0.333262	-0.030359	0.001929
SNP_683	0.408831	-0.010494	0.022375
SNP_684	0.333262	-0.030359	0.001929
SNP_685	0.292988	0.091801	0.635631
SNP_686	0.292988	0.091801	0.635631
SNP_687	0.178721	-0.002785	0.067166
SNP_688	0.178721	-0.002785	0.067166
SNP_689	0.489628	0.09387	0.634157
SNP_690	0.034493	0.021162	0.30601
SNP_691	0.034493	0.021162	0.30601
SNP_692	0.457269	0.161549	0.904569
SNP_693	0.087566	0.057021	0.538661
SNP_694	0.170958	0.091457	0.635222
SNP_695	0.056006	0.062045	0.61173
SNP_696	0.112979	0.077379	0.609805
SNP_697	0.112979	0.077379	0.609805
SNP_698	0.093307	0.052905	0.473057
SNP_699	0.093307	0.052905	0.473057
SNP_700	0.373484	0.177085	0.920969
SNP_701	0.057937	0.064167	0.622144
SNP_702	0.057937	0.064167	0.622144
SNP_703	0.057937	0.064167	0.622144
SNP_704	0.057937	0.064167	0.622144
SNP_705	0.318609	0.039481	0.289405
SNP_706	0.073413	0.097756	0.737176
SNP_707	0.347291	0.159737	0.888179
SNP_708	0.396435	0.017404	0.145288
SNP_709	0.172117	-0.006198	0.053007
SNP_710	0.172117	-0.006198	0.053007
SNP_711	0.172117	-0.006198	0.053007
SNP_712	0.172117	-0.006198	0.053007
SNP_713	0.236398	0.012433	0.141659
SNP_714	0.197442	0.288793	0.988051
SNP_715	0.041366	0.018272	0.383959
SNP_716	0.226699	-0.002791	0.058158
SNP_717	0.32054	0.092469	0.636127
SNP_718	0.22162	-0.010729	0.030073
SNP_719	0.208579	0.053616	0.445552
SNP_720	0.040816	0.076923	0.778412
SNP_721	0.054888	-0.004842	0.062836
SNP_722	0.475693	0.143492	0.85781
SNP_723	0.370941	0.034733	0.270235
SNP_724	0.409317	0.016413	0.131713
SNP_725	0.409317	0.016413	0.131713
SNP_726	0.409317	0.016413	0.131713
SNP_727	0.020191	-0.00578	0.5
SNP_728	0.333635	-0.023155	0.00549
SNP_729	0.053488	-0.003611	0.08007
SNP_730	0.118733	0.053487	0.492298
SNP_731	0.032029	0.014749	0.271178
SNP_732	0.160594	0.089219	0.624368
SNP_733	0.032029	0.014749	0.271178
SNP_734	0.043956	0.12	1.0
SNP_735	0.05149	0.009973	0.254671
SNP_736	0.453087	0.048197	0.350846
SNP_737	0.453087	0.048197	0.350846
SNP_738	0.372522	0.09495	0.654573
SNP_739	0.063816	-0.012614	0.0
SNP_740	0.024711	-0.007299	0.139856
SNP_741	0.438282	0.40482	0.999964
SNP_742	0.521548	0.278763	0.99642
SNP_743	0.521548	0.278763	0.99642
SNP_744	0.021978	0.04	0.5
SNP_745	0.304932	0.108987	0.719742
SNP_746	0.021978	0.04	0.5
SNP_747	0.463368	-0.00634	0.033941
SNP_748	0.021978	0.04	0.5
SNP_749	0.025992	-0.007634	0.1369
SNP_750	0.025992	-0.007634	0.1369
SNP_751	0.021978	0.04	0.5
SNP_752	0.047619	0.117647	0.8403
SNP_753	0.047619	0.117647	0.8403
SNP_754	0.047619	0.117647	0.8403
SNP_755	0.4913	0.044119	0.324465
SNP_756	0.426039	0.018435	0.144151
SNP_757	0.483538	0.180911	0.934554
SNP_758	0.483538	0.180911	0.934554
SNP_759	0.47096	0.161429	0.904306
SNP_760	0.106009	0.060746	0.518324
SNP_761	0.051398	0.036332	0.474471
SNP_762	0.051398	0.036332	0.474471
SNP_763	0.514679	0.176184	0.902482
SNP_764	0.275787	0.095528	0.669863
SNP_765	0.033399	0.007346	0.232515
SNP_766	0.054191	0.04041	0.498172
SNP_767	0.492139	0.125605	0.786263
SNP_768	0.053637	0.088585	0.732086
SNP_769	0.476255	0.054221	0.397123
SNP_770	0.447664	0.077545	0.54543
SNP_771	0.389912	0.128867	0.805552
SNP_772	0.430803	0.096951	0.660088
SNP_773	0.023651	-0.006711	0.5
SNP_774	0.02432	-0.006993	0.142487
SNP_775	0.02432	-0.006993	0.142487
SNP_776	0.042823	-0.001342	0.146138
SNP_777	0.518494	0.333818	0.999784
SNP_778	0.505853	0.044275	0.331348
SNP_779	0.410991	0.019934	0.153681
SNP_780	0.388068	0.060371	0.455065
SNP_781	0.378307	0.237614	0.984176
SNP_782	0.377527	0.015767	0.134572
SNP_783	0.377527	0.015767	0.134572
SNP_784	0.377527	0.015767	0.134572
SNP_785	0.149732	0.020651	0.205586
SNP_786	0.480873	0.0976	0.654377
SNP_787	0.071886	-0.011359	0.010171
SNP_788	0.094774	-0.011168	0.024072
SNP_789	0.03373	0.022287	0.312487
SNP_790	0.023644	-0.006993	0.5
SNP_791	0.039984	-0.003074	0.112258
SNP_792	0.020408	0.037037	0.5
SNP_793	0.24971	0.049902	0.401169
SNP_794	0.236769	0.035495	0.311574
SNP_795	0.239713	0.031837	0.283568
SNP_796	0.071429	0.217391	0.973875
SNP_797	0.409077	-0.0335	0.001092
SNP_798	0.409077	-0.0335	0.001092
SNP_799	0.359821	0.044454	0.34643
SNP_800	0.321688	-0.008548	0.026061
SNP_801	0.506904	0.239633	0.990035
SNP_802	0.073339	0.022869	0.295908
SNP_803	0.416309	0.038172	0.284151
SNP_804	0.183328	0.046384	0.394107
SNP_805	0.183328	0.046384	0.394107
SNP_806	0.183328	0.046384	0.394107
SNP_807	0.032029	0.014749	0.271178
SNP_808	0.334337	0.095061	0.650681
SNP_809	0.404079	0.044534	0.344865
SNP_810	0.257366	0.000762	0.061956
SNP_811	0.257366	0.000762	0.061956
SNP_812	0.248323	0.192512	0.940655
SNP_813	0.414353	-0.015494	0.013652
SNP_814	0.08774	-0.014164	0.003071
SNP_815	0.060253	0.071685	0.657927
SNP_816	0.147506	0.154258	0.882413
SNP_817	0.101085	-0.006981	0.040622
SNP_818	0.107553	-0.012272	0.020495
SNP_819	0.079797	-0.014586	0.002405
SNP_820	0.081257	-0.015886	0.000946
SNP_821	0.079797	-0.014586	0.002405
SNP_822	0.359762	0.221929	0.970144
SNP_823	0.359762	0.221929	0.970144
SNP_824	0.217603	0.113945	0.759539
SNP_825	0.271898	0.127743	0.805999
SNP_826	0.264496	0.235123	0.973875
SNP_827	0.264496	0.235123	0.973875
SNP_828	0.443904	0.080918	0.565889
SNP_829	0.470515	0.048257	0.366725
SNP_830	0.127491	0.056772	0.51118
SNP_831	0.083581	-0.007527	0.027435
SNP_832	0.35151	0.09522	0.655958
SNP_833	0.14088	0.092286	0.695897
SNP_834	0.39147	0.079381	0.566706
SNP_835	0.128237	-0.016901	0.016487
SNP_836	0.324483	0.056834	0.417677
SNP_837	0.128237	-0.016901	0.016487
SNP_838	0.028611	0.019425	0.296274
SNP_839	0.028611	0.019425	0.296274
SNP_840	0.076927	-0.007638	0.02682
SNP_841	0.063492	0.069876	0.649476
SNP_842	0.321014	-0.037877	0.000488
SNP_843	0.337985	-0.026213	0.00362
SNP_844	0.346091	-0.020869	0.007321
SNP_845	0.151796	0.085254	0.604733
SNP_846	0.406409	0.360958	0.998877
SNP_847	0.406409	0.360958	0.998877
SNP_848	0.03092	-0.012195	0.082187
SNP_849	0.418166	0.066241	0.484011
SNP_850	0.208774	0.107414	0.738508
SNP_851	0.085432	0.017168	0.242827
SNP_852	0.085432	0.017168	0.242827
SNP_853	0.085432	0.017168	0.242827
SNP_854	0.022367	-0.006452	0.5
SNP_855	0.022367	-0.006452	0.5
SNP_856	0.022367	-0.006452	0.5
SNP_857	0.134221	0.132468	0.834715
SNP_858	0.25103	-0.018113	0.00964
SNP_859	0.021967	-0.006452	0.5
SNP_860	0.256858	-0.00872	0.028173
SNP_861	0.256858	-0.00872	0.028173
SNP_862	0.256858	-0.00872	0.028173
SNP_863	0.175051	0.038496	0.332836
SNP_864	0.18334	0.038675	0.334986
SNP_865	0.18334	0.038675	0.334986
SNP_866	0.212382	-0.030401	0.002389
SNP_867	0.186302	-0.014504	0.017977
SNP_868	0.186302	-0.014504	0.017977
SNP_869	0.212382	-0.030401	0.002389
SNP_870	0.186302	-0.014504	0.017977
SNP_871	0.036436	0.018511	0.385991
SNP_872	0.025888	-0.007299	0.139856
SNP_873	0.211863	-0.007139	0.036299
SNP_874	0.102857	0.207165	0.960095
SNP_875	0.060606	0.041837	0.506027
SNP_876	0.257652	0.035882	0.29587
SNP_877	0.257652	0.035882	0.29587
SNP_878	0.154936	-0.004514	0.059761
SNP_879	0.079121	0.152778	0.895617
SNP_880	0.079121	0.152778	0.895617
SNP_881	0.491475	0.138834	0.834637
SNP_882	0.493497	0.139761	0.837691
SNP_883	0.41793	0.024799	0.186222
SNP_884	0.41793	0.024799	0.186222
SNP_885	0.41793	0.024799	0.186222
SNP_886	0.225537	-0.000453	0.068563
SNP_887	0.316896	0.317028	0.997199
SNP_888	0.316896	0.317028	0.997199
SNP_889	0.205486	0.068211	0.535431
SNP_890	0.247753	0.237505	0.974274
SNP_891	0.085021	0.001967	0.098346
SNP_892	0.319553	0.078506	0.554068
SNP_893	0.091575	0.162933	0.913867
SNP_894	0.021263	-0.005988	0.5
SNP_895	0.440867	-0.027639	0.001974
SNP_896	0.440867	-0.027639	0.001974
SNP_897	0.442036	-0.025566	0.00281
SNP_898	0.273973	0.085443	0.616552
SNP_899	0.273973	0.085443	0.616552
SNP_900	0.363927	0.049755	0.386097
SNP_901	0.363927	0.049755	0.386097
SNP_902	0.363927	0.049755	0.386097
SNP_903	0.19936	0.035215	0.307524
SNP_904	0.02862	-0.008403	0.129775
SNP_905	0.23874	0.088747	0.643587
SNP_906	0.385661	0.241072	0.985611
SNP_907	0.385661	0.241072	0.985611
SNP_908	0.070457	0.050162	0.499546
SNP_909	0.023651	-0.006711	0.5
SNP_910	0.047619	0.130435	0.880521
SNP_911	0.047619	0.130435	0.880521
SNP_912	0.047619	0.130435	0.880521
SNP_913	0.476122	0.124308	0.790571
SNP_914	0.477809	0.06524	0.469643
SNP_915	0.477809	0.06524	0.469643
SNP_916	0.477809	0.06524	0.469643
SNP_917	0.121512	0.007617	0.1449
SNP_918	0.112695	0.011561	0.159737
SNP_919	0.121512	0.007617	0.1449
SNP_920	0.016807	0.030303	0.5
SNP_921	0.098571	0.21434	0.965689
SNP_922	0.228131	0.041423	0.356273
SNP_923	0.333891	0.065375	0.474759
SNP_924	0.176273	0.15767	0.863751
SNP_925	0.214966	0.234177	0.972634
SNP_926	0.185714	0.086196	0.637126
SNP_927	0.185714	0.086196	0.637126
SNP_928	0.073869	0.009458	0.168453
SNP_929	0.06788	0.033407	0.456081
SNP_930	0.210295	0.087011	0.641447
SNP_931	0.163089	0.110926	0.721407
SNP_932	0.163089	0.110926	0.721407
SNP_933	0.163089	0.110926	0.721407
SNP_934	0.163089	0.110926	0.721407
SNP_935	0.163089	0.110926	0.721407
SNP_936	0.008403	0.0	0.5
SNP_937	0.092892	0.106194	0.744586
SNP_938	0.045764	0.03003	0.471498
SNP_939	0.092892	0.106194	0.744586
SNP_940	0.163521	0.001822	0.089138
SNP_941	0.44336	0.128029	0.80884
SNP_942	0.315236	0.068849	0.496175
SNP_943	0.19731	0.024234	0.219971
SNP_944	0.19731	0.024234	0.219971
SNP_945	0.156309	0.036309	0.317337
SNP_946	0.427768	0.094202	0.648615
SNP_947	0.319709	0.034288	0.250428
SNP_948	0.09121	0.021426	0.282725
SNP_949	0.09121	0.021426	0.282725
SNP_950	0.081281	0.022307	0.290796
SNP_951	0.384782	0.106305	0.710384
SNP_952	0.112488	0.078762	0.617073
SNP_953	0.392462	0.096298	0.66015
SNP_954	0.352097	0.168406	0.905786
SNP_955	0.033578	0.017091	0.283589
SNP_956	0.105133	0.167421	0.91204
SNP_957	0.441846	0.080785	0.565083
SNP_958	0.460176	0.067915	0.495846
SNP_959	0.460176	0.067915	0.495846
SNP_960	0.460176	0.067915	0.495846
SNP_961	0.155636	0.078484	0.570192
SNP_962	0.155636	0.078484	0.570192
SNP_963	0.025777	-0.007634	0.1369
SNP_964	0.132961	0.002722	0.109653
SNP_965	0.147715	-0.043276	0.0
SNP_966	0.147715	-0.043276	0.0
SNP_967	0.061086	0.014984	0.307365
SNP_968	0.058862	0.094284	0.755187
SNP_969	0.077677	-0.011453	0.009855
SNP_970	0.191262	-0.041295	0.000408
SNP_971	0.07215	0.07479	0.633817
SNP_972	0.099435	0.054015	0.479775
SNP_973	0.055416	0.014835	0.305885
SNP_974	0.171877	-0.032982	0.002077
SNP_975	0.430558	0.33745	0.998094
SNP_976	0.084857	0.002791	0.10571
SNP_977	0.032967	0.08	1.0
SNP_978	0.056758	0.037744	0.482925
SNP_979	0.037303	-0.014687	0.0
SNP_980	0.071305	-0.02007	0.0
SNP_981	0.032871	-0.012912	0.068029
SNP_982	0.019285	-0.005587	0.5
SNP_983	0.021263	-0.005988	0.5
SNP_984	0.02381	-0.006993	0.142487
SNP_985	0.021837	-0.006452	0.5
SNP_986	0.035714	0.086957	0.862845
SNP_987	0.492622	0.035185	0.258294
SNP_988	0.059524	0.173913	0.980538
SNP_989	0.058361	-0.026726	0.0
SNP_990	0.258693	-0.013013	0.018027
SNP_991	0.412599	-0.018098	0.010253
SNP_992	0.504366	0.027795	0.211791
SNP_993	0.220411	0.104756	0.720958
SNP_994	0.019285	-0.005587	0.5
SNP_995	0.151602	0.035417	0.310978
SNP_996	0.101701	0.054193	0.48084
SNP_997	0.506307	0.050242	0.375007
SNP_998	0.168888	0.018927	0.193662
SNP_999	0.504981	0.040977	0.306989
SNP_1000	0.168888	0.018927	0.193662
SNP_1001	0.504981	0.040977	0.306989
SNP_1002	0.442276	0.064767	0.467387
SNP_1003	0.442276	0.064767	0.467387
SNP_1004	0.429624	0.069878	0.505892
SNP_1005	0.342956	-0.016444	0.012149
SNP_1006	0.089991	-0.02318	0.0
SNP_1007	0.388782	-0.018057	0.006182
SNP_1008	0.029894	-0.00885	0.125382
SNP_1009	0.029894	-0.00885	0.125382
SNP_1010	0.0638	-0.028933	0.0
SNP_1011	0.388782	-0.018057	0.006182
SNP_1012	0.029894	-0.00885	0.125382
SNP_1013	0.029894	-0.00885	0.125382
SNP_1014	0.388782	-0.018057	0.006182
SNP_1015	0.448701	-0.009009	0.022321
SNP_1016	0.401173	0.183355	0.937955
SNP_1017	0.401173	0.183355	0.937955
SNP_1018	0.490898	0.10685	0.702111
SNP_1019	0.241018	0.049374	0.413487
SNP_1020	0.401173	0.183355	0.937955
SNP_1021	0.172397	0.026473	0.246774
SNP_1022	0.07586	0.013925	0.211699
SNP_1023	0.455876	-0.014268	0.015447
SNP_1024	0.107657	0.000948	0.083878
SNP_1025	0.091785	0.022743	0.294764
SNP_1026	0.441432	0.090628	0.623852
SNP_1027	0.502958	0.156634	0.903712
SNP_1028	0.160173	0.313574	0.989116
SNP_1029	0.502958	0.156634	0.903712
SNP_1030	0.377257	0.088713	0.619314
SNP_1031	0.377257	0.088713	0.619314
SNP_1032	0.480856	0.068356	0.488416
SNP_1033	0.480856	0.068356	0.488416
SNP_1034	0.057509	0.078981	0.690997
SNP_1035	0.510141	0.098992	0.585709
SNP_1036	0.021978	0.04	0.5
SNP_1037	0.045177	0.02886	0.463759
SNP_1038	0.295499	0.166305	0.900069
SNP_1039	0.343883	0.282573	0.993741
SNP_1040	0.206236	0.195384	0.941915
SNP_1041	0.367961	0.152363	0.871069
SNP_1042	0.367961	0.152363	0.871069
SNP_1043	0.224391	0.205174	0.953078
SNP_1044	0.211948	0.025337	0.228628
SNP_1045	0.427881	0.179941	0.933283
SNP_1046	0.427881	0.179941	0.933283
SNP_1047	0.426178	0.178642	0.931382
SNP_1048	0.076191	-0.001902	0.0658
SNP_1049	0.058569	0.055901	0.580806
SNP_1050	0.072789	0.018299	0.253553
SNP_1051	0.144139	0.01861	0.23279
SNP_1052	0.058569	0.055901	0.580806
SNP_1053	0.042271	0.02926	0.466426
SNP_1054	0.111909	0.102424	0.729099
SNP_1055	0.167462	0.21894	0.949627
SNP_1056	0.489319	-0.043284	1e-06
SNP_1057	0.421454	-0.017402	0.011092
SNP_1058	0.067336	-0.000441	0.124398
SNP_1059	0.197215	0.019151	0.18109
SNP_1060	0.324535	0.014196	0.115862
SNP_1061	0.023036	-0.006711	0.5
SNP_1062	0.13293	0.018829	0.234603
SNP_1063	0.361426	0.004951	0.060901
SNP_1064	0.090136	0.165618	0.918243
SNP_1065	0.028571	0.052632	1.0
SNP_1066	0.437064	0.061646	0.446851
SNP_1067	0.032967	0.08	1.0
SNP_1068	0.02381	0.043478	0.570177
SNP_1069	0.02381	0.043478	0.570177
SNP_1070	0.02381	0.043478	0.570177
SNP_1071	0.021978	0.04	0.5
SNP_1072	0.043533	0.050874	0.599543
SNP_1073	0.042381	0.024246	0.431328
SNP_1074	0.02521	0.060606	1.0
SNP_1075	0.512054	0.13774	0.778173
SNP_1076	0.159095	0.090724	0.631686
SNP_1077	0.482995	0.037538	0.275711
SNP_1078	0.482995	0.037538	0.275711
SNP_1079	0.482995	0.037538	0.275711
SNP_1080	0.440058	-0.005991	0.029358
SNP_1081	0.440058	-0.005991	0.029358
SNP_1082	0.319469	0.443037	0.999843
SNP_1083	0.511632	0.110632	0.648783
SNP_1084	0.199246	0.045389	0.38669
SNP_1085	0.4266	0.046954	0.350462
SNP_1086	0.114111	0.070575	0.573146
SNP_1087	0.116843	0.040929	0.410102
SNP_1088	0.313628	0.006647	0.078288
SNP_1089	0.07381	0.113916	0.795783
SNP_1090	0.337083	0.165512	0.909651
SNP_1091	0.337083	0.165512	0.909651
SNP_1092	0.503584	0.041843	0.313387
SNP_1093	0.020408	0.037037	0.5
SNP_1094	0.272974	0.124081	0.793265
SNP_1095	0.172519	0.062539	0.486087
SNP_1096	0.065934	0.2	1.0
SNP_1097	0.041126	0.026039	0.444313
SNP_1098	0.061748	0.070734	0.653497
SNP_1099	0.061748	0.070734	0.653497
SNP_1100	0.068205	0.026649	0.408649
SNP_1101	0.068205	0.026649	0.408649
SNP_1102	0.140312	0.004772	0.123994
SNP_1103	0.121495	0.061405	0.537569
SNP_1104	0.140312	0.004772	0.123994
SNP_1105	0.081562	0.078432	0.651791
SNP_1106	0.036815	0.023496	0.425742
SNP_1107	0.080179	0.062459	0.568937
SNP_1108	0.080179	0.062459	0.568937
SNP_1109	0.080179	0.062459	0.568937
SNP_1110	0.032967	0.08	1.0
SNP_1111	0.020408	0.037037	0.5
SNP_1112	0.115155	0.057429	0.499632
SNP_1113	0.152756	-0.026765	0.006041
SNP_1114	0.151627	-0.026091	0.006677
SNP_1115	0.133644	-0.010858	0.035537
SNP_1116	0.039827	0.020186	0.399889
SNP_1117	0.423893	0.051135	0.381373
SNP_1118	0.020408	0.037037	0.5
SNP_1119	0.112462	0.065585	0.545499
SNP_1120	0.448752	0.113481	0.745977
SNP_1121	0.448752	0.113481	0.745977
SNP_1122	0.437604	0.133245	0.828348
SNP_1123	0.501011	0.005746	0.082986
SNP_1124	0.502793	0.007318	0.090228
SNP_1125	0.501011	0.005746	0.082986
SNP_1126	0.121059	-0.003163	0.072626
SNP_1127	0.121059	-0.003163	0.072626
SNP_1128	0.094648	0.043167	0.40884
SNP_1129	0.041863	0.026555	0.447957
SNP_1130	0.02381	0.043478	0.570177
SNP_1131	0.471923	0.077615	0.552113
SNP_1132	0.471923	0.077615	0.552113
SNP_1133	0.427447	0.085131	0.596791
SNP_1134	0.256519	0.1438	0.854177
SNP_1135	0.049887	0.053846	0.570213
SNP_1136	0.049887	0.053846	0.570213
SNP_1137	0.049887	0.053846	0.570213
SNP_1138	0.049887	0.053846	0.570213
SNP_1139	0.049887	0.053846	0.570213
SNP_1140	0.121824	0.063099	0.547139
SNP_1141	0.309786	0.015643	0.132215
SNP_1142	0.165676	0.008466	0.126031
SNP_1143	0.500939	0.201656	0.97006
SNP_1144	0.025974	0.047619	1.0
SNP_1145	0.140491	0.018311	0.230317
SNP_1146	0.142946	0.079622	0.635874
SNP_1147	0.242409	0.09984	0.698532
SNP_1148	0.141414	0.312651	0.989125
SNP_1149	0.232632	0.082205	0.60868
SNP_1150	0.127375	0.015965	0.210995
SNP_1151	0.502632	0.09196	0.638618
SNP_1152	0.505393	0.039381	0.295207
SNP_1153	0.02381	0.043478	0.570177
SNP_1154	0.02381	0.043478	0.570177
SNP_1155	0.409509	0.068717	0.499007
SNP_1156	0.409509	0.068717	0.499007
SNP_1157	0.409509	0.068717	0.499007
SNP_1158	0.409509	0.068717	0.499007
SNP_1159	0.409509	0.068717	0.499007
SNP_1160	0.140245	0.024587	0.282322
SNP_1161	0.503438	0.016005	0.136132
SNP_1162	0.503438	0.016005	0.136132
SNP_1163	0.267684	0.096612	0.67532
SNP_1164	0.267684	0.096612	0.67532
SNP_1165	0.021978	0.04	0.5
SNP_1166	0.2297	-0.015779	0.01788
SNP_1167	0.2297	-0.015779	0.01788
SNP_1168	0.401266	-0.053683	0.0
SNP_1169	0.070038	0.001485	0.094098
SNP_1170	0.047286	0.030664	0.437699
SNP_1171	0.142966	-0.003156	0.072666
SNP_1172	0.142966	-0.003156	0.072666
SNP_1173	0.202811	0.039628	0.342472
SNP_1174	0.065632	0.017802	0.334396
SNP_1175	0.065632	0.017802	0.334396
SNP_1176	0.08979	0.069694	0.607721
SNP_1177	0.065632	0.017802	0.334396
SNP_1178	0.181302	0.086974	0.613311
SNP_1179	0.454165	0.048968	0.371814
SNP_1180	0.347176	0.101308	0.686347
SNP_1181	0.350158	0.073717	0.537847
SNP_1182	0.397402	0.519497	1.0
SNP_1183	0.098901	0.32	0.997454
SNP_1184	0.025092	-0.007299	0.139856
SNP_1185	0.025092	-0.007299	0.139856
SNP_1186	0.02381	0.043478	0.570177
SNP_1187	0.454855	0.192515	0.955255
SNP_1188	0.020408	0.0	0.5
SNP_1189	0.083987	0.075248	0.636109
SNP_1190	0.071429	0.2	0.960397
SNP_1191	0.028333	-0.008403	0.129775
SNP_1192	0.376229	0.058346	0.441961
SNP_1193	0.376229	0.058346	0.441961
SNP_1194	0.376229	0.058346	0.441961
SNP_1195	0.020408	0.037037	0.5
SNP_1196	0.112362	0.007985	0.132508
SNP_1197	0.027849	0.013051	0.2623
SNP_1198	0.168324	0.047535	0.394812
SNP_1199	0.09214	0.055004	0.527241
SNP_1200	0.210123	0.044646	0.381105
SNP_1201	0.210123	0.044646	0.381105
SNP_1202	0.210123	0.044646	0.381105
SNP_1203	0.444604	0.063238	0.457426
SNP_1204	0.019285	-0.005587	0.5
SNP_1205	0.45523	0.190455	0.952808
SNP_1206	0.025974	0.047619	1.0
SNP_1207	0.031746	0.058824	1.0
SNP_1208	0.450052	0.079188	0.555401
SNP_1209	0.021837	-0.006452	0.5
SNP_1210	0.041702	-0.018919	0.0
SNP_1211	0.04113	-0.018626	0.0
SNP_1212	0.019803	-0.00578	0.5
SNP_1213	0.019803	-0.00578	0.5
SNP_1214	0.420932	0.008087	0.08621
SNP_1215	0.420932	0.008087	0.08621
SNP_1216	0.420932	0.008087	0.08621
SNP_1217	0.112131	0.00376	0.102365
SNP_1218	0.224186	0.025589	0.235842
SNP_1219	0.168106	0.073565	0.544506
SNP_1220	0.099125	0.116642	0.784032
SNP_1221	0.02381	0.043478	0.570177
SNP_1222	0.180014	0.168854	0.886095
SNP_1223	0.031136	0.015873	0.277104
SNP_1224	0.139937	0.066194	0.564457
SNP_1225	0.020408	0.0	0.5
SNP_1226	0.179515	0.046444	0.387556
SNP_1227	0.020408	0.037037	0.5
SNP_1228	0.27788	0.249734	0.980225
SNP_1229	0.27788	0.249734	0.980225
SNP_1230	0.27788	0.249734	0.980225
SNP_1231	0.03784	-0.011236	0.0
SNP_1232	0.177114	0.080183	0.578964
SNP_1233	0.233148	0.1612	0.894562
SNP_1234	0.3856	0.055732	0.42456
SNP_1235	0.3856	0.055732	0.42456
SNP_1236	0.3856	0.055732	0.42456
SNP_1237	0.096946	0.021879	0.242999
SNP_1238	0.07449	0.138508	0.864944
SNP_1239	0.025777	-0.007634	0.1369
SNP_1240	0.025777	-0.007634	0.1369
SNP_1241	0.032964	-0.013065	0.0645
SNP_1242	0.023036	-0.006711	0.5
SNP_1243	0.417951	0.050982	0.380255
SNP_1244	0.045163	0.006185	0.259795
SNP_1245	0.035714	0.086957	0.862845
SNP_1246	0.053571	0.045779	0.527491
SNP_1247	0.030612	0.074074	1.0
SNP_1248	0.093472	0.065655	0.54589
SNP_1249	0.074045	0.111268	0.786942
SNP_1250	0.074045	0.111268	0.786942
SNP_1251	0.074045	0.111268	0.786942
SNP_1252	0.270849	0.021183	0.184268
SNP_1253	0.426474	0.059006	0.437004
SNP_1254	0.270849	0.021183	0.184268
SNP_1255	0.118765	0.035632	0.370748
SNP_1256	0.206853	0.067738	0.532648
SNP_1257	0.129806	0.014054	0.19542
SNP_1258	0.423184	-0.003033	0.041676
SNP_1259	0.107732	0.094997	0.696635
SNP_1260	0.4418	0.041579	0.301019
SNP_1261	0.036815	0.023496	0.425742
SNP_1262	0.036815	0.023496	0.425742
SNP_1263	0.036815	0.023496	0.425742
SNP_1264	0.491623	0.097996	0.656494
SNP_1265	0.492092	0.075182	0.527751
SNP_1266	0.460327	0.192394	0.955115
SNP_1267	0.460327	0.192394	0.955115
SNP_1268	0.058924	0.119789	0.847349
SNP_1269	0.085512	0.05885	0.548935
SNP_1270	0.315422	0.12465	0.792336
SNP_1271	0.141971	0.022007	0.260961
SNP_1272	0.250743	0.125242	0.797376
SNP_1273	0.076531	0.088567	0.698692
SNP_1274	0.051621	0.015317	0.310653
SNP_1275	0.509342	0.101498	0.599496
SNP_1276	0.064935	0.190476	0.998092
SNP_1277	0.121889	0.016863	0.21837
SNP_1278	0.216362	0.060694	0.486563
SNP_1279	0.200044	0.089543	0.654668
SNP_1280	0.150921	0.027754	0.255957
SNP_1281	0.344374	-0.020425	0.007726
SNP_1282	0.042857	0.105263	1.0
SNP_1283	0.02381	0.043478	0.570177
SNP_1284	0.145882	0.034859	0.364807
SNP_1285	0.035897	0.014286	0.348065
SNP_1286	0.051805	0.045589	0.526465
SNP_1287	0.041849	0.002096	0.203465
SNP_1288	0.022741	-0.006711	0.5
SNP_1289	0.019615	-0.00578	0.5
SNP_1290	0.026659	-0.007634	0.1369
SNP_1291	0.026659	-0.007634	0.1369
SNP_1292	0.206341	0.074602	0.572689
SNP_1293	0.206341	0.074602	0.572689
SNP_1294	0.253785	0.260668	0.983935
SNP_1295	0.027056	-0.008	0.133571
SNP_1296	0.099125	0.097285	0.706911
SNP_1297	0.060253	0.03598	0.472322
SNP_1298	0.027056	-0.008	0.133571
SNP_1299	0.116883	0.163993	0.899041
SNP_1300	0.116883	0.163993	0.899041
SNP_1301	0.412806	0.00901	0.090766
SNP_1302	0.412806	0.00901	0.090766
SNP_1303	0.412806	0.00901	0.090766
SNP_1304	0.412806	0.00901	0.090766
SNP_1305	0.066138	0.044235	0.519125
SNP_1306	0.020408	0.037037	0.5
SNP_1307	0.03784	0.008739	0.290369
SNP_1308	0.443693	0.045387	0.329775
SNP_1309	0.443693	0.045387	0.329775
SNP_1310	0.126485	0.084317	0.659037
SNP_1311	0.314009	0.100859	0.681619
SNP_1312	0.106155	0.095339	0.698186
SNP_1313	0.021967	-0.006452	0.5
SNP_1314	0.021967	-0.006452	0.5
SNP_1315	0.500327	0.161222	0.913852
SNP_1316	0.500327	0.161222	0.913852
SNP_1317	0.051948	0.142857	0.915227
SNP_1318	0.051948	0.142857	0.915227
SNP_1319	0.077922	0.15641	0.902464
SNP_1320	0.500933	-0.013634	0.021833
SNP_1321	0.157475	-0.010982	0.036333
SNP_1322	0.330799	0.067016	0.485017
SNP_1323	0.188432	0.178032	0.921457
SNP_1324	0.180671	0.016174	0.174992
SNP_1325	0.220586	0.139559	0.844739
SNP_1326	0.369688	0.091298	0.635535
SNP_1327	0.369688	0.091298	0.635535
SNP_1328	0.412698	0.228508	0.9773
SNP_1329	0.458208	0.212353	0.973764
SNP_1330	0.060275	0.014253	0.300057
SNP_1331	0.060275	0.014253	0.300057
SNP_1332	0.060275	0.014253	0.300057
SNP_1333	0.047619	0.117647	0.8403
SNP_1334	0.49573	0.147307	0.880004
SNP_1335	0.49573	0.147307	0.880004
SNP_1336	0.058532	0.053795	0.569948
SNP_1337	0.02381	0.043478	0.570177
SNP_1338	0.109226	0.051846	0.466531
SNP_1339	0.032903	-0.013065	0.0645
SNP_1340	0.163525	0.012113	0.148498
SNP_1341	0.302169	0.07441	0.539669
SNP_1342	0.342329	0.182882	0.938132
SNP_1343	0.342329	0.182882	0.938132
SNP_1344	0.021062	-0.006211	0.5
SNP_1345	0.021062	-0.006211	0.5
SNP_1346	0.044414	0.049072	0.588266
SNP_1347	0.130947	0.003778	0.116958
SNP_1348	0.1236	0.036874	0.380193
SNP_1349	0.075019	0.066865	0.592784
SNP_1350	0.052699	0.00773	0.229022
SNP_1351	0.168676	-0.026115	0.006654
SNP_1352	0.168676	-0.026115	0.006654
SNP_1353	0.168676	-0.026115	0.006654
SNP_1354	0.168676	-0.026115	0.006654
SNP_1355	0.168676	-0.026115	0.006654
SNP_1356	0.168676	-0.026115	0.006654
SNP_1357	0.11779	0.008144	0.148885
SNP_1358	0.08019	0.02373	0.303679
SNP_1359	0.08019	0.02373	0.303679
SNP_1360	0.481309	-0.033135	0.000218
SNP_1361	0.515084	0.164579	0.872384
SNP_1362	0.040816	0.111111	1.0
SNP_1363	0.058683	-0.025922	0.0
SNP_1364	0.126461	0.066253	0.564785
SNP_1365	0.086389	0.048086	0.487331
SNP_1366	0.086389	0.048086	0.487331
SNP_1367	0.185197	-0.034371	0.001295
SNP_1368	0.314091	0.384208	0.999534
SNP_1369	0.427258	-0.028648	0.002491
SNP_1370	0.427258	-0.028648	0.002491
SNP_1371	0.427258	-0.028648	0.002491
SNP_1372	0.490215	0.354909	0.999799
SNP_1373	0.387345	0.132126	0.817147
SNP_1374	0.066827	0.105758	0.798885
SNP_1375	0.184469	0.016293	0.160223
SNP_1376	0.184469	0.016293	0.160223
SNP_1377	0.184469	0.016293	0.160223
SNP_1378	0.232193	-0.007585	0.039856
SNP_1379	0.227474	-0.006325	0.044269
SNP_1380	0.227474	-0.006325	0.044269
SNP_1381	0.387522	0.025728	0.20362
SNP_1382	0.067441	-0.000972	0.117055
SNP_1383	0.482265	0.047091	0.34625
SNP_1384	0.020287	-0.005988	0.5
SNP_1385	0.089158	0.004744	0.123605
SNP_1386	0.047619	0.130435	0.880521
SNP_1387	0.460871	0.148591	0.872535
SNP_1388	0.229972	0.025278	0.233489
SNP_1389	0.229972	0.025278	0.233489
SNP_1390	0.170473	0.229904	0.957904
SNP_1391	0.170473	0.229904	0.957904
SNP_1392	0.079962	-0.012488	0.00674
SNP_1393	0.031746	0.058824	1.0
SNP_1394	0.036436	-0.009901	0.0
SNP_1395	0.240142	-0.00149	0.06383
SNP_1396	0.268649	0.088165	0.631364
SNP_1397	0.484461	0.059	0.429649
SNP_1398	0.116568	-0.016034	0.018678
SNP_1399	0.116568	-0.016034	0.018678
SNP_1400	0.025974	0.047619	1.0
SNP_1401	0.024711	-0.007299	0.139856
SNP_1402	0.10447	0.06824	0.560273
SNP_1403	0.458817	0.134637	0.829162
SNP_1404	0.025974	0.047619	1.0
SNP_1405	0.032967	0.08	1.0
SNP_1406	0.072486	0.007681	0.15136
SNP_1407	0.487273	0.128767	0.798653
SNP_1408	0.210193	0.015957	0.157827
SNP_1409	0.118601	0.054965	0.500848
SNP_1410	0.044252	0.03133	0.479886
SNP_1411	0.118601	0.054965	0.500848
SNP_1412	0.044252	0.03133	0.479886
SNP_1413	0.044252	0.03133	0.479886
SNP_1414	0.118601	0.054965	0.500848
SNP_1415	0.144621	0.040196	0.404806
SNP_1416	0.498901	0.122547	0.793988
SNP_1417	0.498901	0.122547	0.793988
SNP_1418	0.498901	0.122547	0.793988
SNP_1419	0.07885	0.060907	0.560383
SNP_1420	0.033399	-0.009901	0.114143
SNP_1421	0.25211	0.005806	0.086434
SNP_1422	0.099832	0.093013	0.687528
SNP_1423	0.079254	0.042	0.448413
SNP_1424	0.234623	0.046772	0.395208
SNP_1425	0.220958	0.102873	0.712514
SNP_1426	0.065553	0.047895	0.538863
SNP_1427	0.301951	0.005183	0.07073
SNP_1428	0.083716	-0.016642	0.000457
SNP_1429	0.036645	-0.014577	0.0
SNP_1430	0.083716	-0.016642	0.000457
SNP_1431	0.083716	-0.016642	0.000457
SNP_1432	0.134313	0.000882	0.097374
SNP_1433	0.083716	-0.016642	0.000457
SNP_1434	0.059223	0.011609	0.272557
SNP_1435	0.29021	0.188929	0.936687
SNP_1436	0.29021	0.188929	0.936687
SNP_1437	0.046245	0.041584	0.542189
SNP_1438	0.30154	0.119016	0.76234
SNP_1439	0.049062	0.031604	0.444127
SNP_1440	0.461827	0.026608	0.20867
SNP_1441	0.353916	0.430454	0.999958
SNP_1442	0.427551	0.016743	0.133709
SNP_1443	0.21494	0.000587	0.073496
SNP_1444	0.21494	0.000587	0.073496
SNP_1445	0.21494	0.000587	0.073496
SNP_1446	0.21494	0.000587	0.073496
SNP_1447	0.21494	0.000587	0.073496
SNP_1448	0.163388	0.064943	0.499032
SNP_1449	0.051582	0.010431	0.259747
SNP_1450	0.42974	0.072921	0.524044
SNP_1451	0.032685	0.018276	0.289981
SNP_1452	0.032685	0.018276	0.289981
SNP_1453	0.05102	0.148148	0.928646
SNP_1454	0.063781	0.015685	0.314256
SNP_1455	0.165818	0.05758	0.457841
SNP_1456	0.531886	0.39709	1.0
SNP_1457	0.091766	0.033231	0.384046
SNP_1458	0.228776	0.078591	0.588751
SNP_1459	0.035714	0.086957	0.862845
SNP_1460	0.38022	0.188001	0.944312
SNP_1461	0.38022	0.188001	0.944312
SNP_1462	0.45377	0.145909	0.86933
SNP_1463	0.309613	-0.007232	0.022909
SNP_1464	0.460305	0.1126	0.739934
SNP_1465	0.492085	0.191951	0.95003
SNP_1466	0.441775	-0.007548	0.025566
SNP_1467	0.021296	-0.006211	0.5
SNP_1468	0.092322	0.018115	0.251813
SNP_1469	0.025974	0.047619	1.0
SNP_1470	0.027849	-0.007634	0.1369
SNP_1471	0.172439	0.135387	0.806744
SNP_1472	0.027849	-0.007634	0.1369
SNP_1473	0.397923	-0.034254	6.3e-05
SNP_1474	0.397923	-0.034254	6.3e-05
SNP_1475	0.404532	-0.030369	0.000311
SNP_1476	0.051948	0.142857	0.915227
SNP_1477	0.051948	0.142857	0.915227
SNP_1478	0.063969	0.018376	0.339688
SNP_1479	0.063969	0.018376	0.339688
SNP_1480	0.419434	-0.014714	0.014815
SNP_1481	0.074259	0.018251	0.253099
SNP_1482	0.034995	-0.013832	0.041665
SNP_1483	0.454077	0.211951	0.973468
SNP_1484	0.040079	0.027619	0.455346
SNP_1485	0.040079	0.027619	0.455346
SNP_1486	0.130777	0.06807	0.574828
SNP_1487	0.466091	0.154532	0.888147
SNP_1488	0.306782	0.031443	0.247419
SNP_1489	0.221747	0.108212	0.735982
SNP_1490	0.088635	0.100976	0.74976
SNP_1491	0.426982	0.216552	0.970287
SNP_1492	0.042876	0.008719	0.290141
SNP_1493	0.51676	0.294237	0.998202
SNP_1494	0.035384	0.019911	0.397648
SNP_1495	0.053571	0.045779	0.527491
SNP_1496	0.112912	-0.01354	0.016796
SNP_1497	0.383933	0.226677	0.978765
SNP_1498	0.415702	0.097696	0.667704
SNP_1499	0.047031	0.027206	0.452498
SNP_1500	0.109805	0.146721	0.871163
SNP_1501	0.073667	0.141046	0.870863
SNP_1502	0.404093	0.065321	0.485607
SNP_1503	0.481577	0.238157	0.985693
SNP_1504	0.245844	0.032712	0.290279
SNP_1505	0.019803	-0.00578	0.5
SNP_1506	0.294379	0.043384	0.338909
SNP_1507	0.294379	0.043384	0.338909
SNP_1508	0.079992	0.033933	0.389558
SNP_1509	0.432407	0.11551	0.755491
SNP_1510	0.146367	-0.010623	0.036459
SNP_1511	0.074719	0.026571	0.328785
SNP_1512	0.207537	0.026469	0.237572
SNP_1513	0.439265	0.107374	0.715926
SNP_1514	0.344894	0.012649	0.107314
SNP_1515	0.344894	0.012649	0.107314
SNP_1516	0.506732	0.194086	0.963155
SNP_1517	0.30879	0.042244	0.330315
SNP_1518	0.04363	0.007868	0.280275
SNP_1519	0.52466	0.309859	0.999676
SNP_1520	0.035714	0.086957	0.862845
SNP_1521	0.289161	-0.011317	0.013664
SNP_1522	0.202089	-0.010077	0.027876
SNP_1523	0.195815	-0.006953	0.036885
SNP_1524	0.195815	-0.006953	0.036885
SNP_1525	0.144734	-0.014614	0.022653
SNP_1526	0.171518	0.0237	0.227015
SNP_1527	0.087755	0.101215	0.750676
SNP_1528	0.038435	0.030275	0.473095
SNP_1529	0.038435	0.030275	0.473095
SNP_1530	0.49963	-0.008021	0.03435
SNP_1531	0.504414	0.058258	0.431481
SNP_1532	0.089423	0.008314	0.157431
SNP_1533	0.059969	0.013784	0.295302
SNP_1534	0.111958	-0.016452	0.009918
SNP_1535	0.452392	0.011705	0.098547
SNP_1536	0.452392	0.011705	0.098547
SNP_1537	0.471088	0.192221	0.954913
SNP_1538	0.219525	0.024333	0.226365
SNP_1539	0.219525	0.024333	0.226365
SNP_1540	0.399685	0.00797	0.088195
SNP_1541	0.488442	0.111561	0.724923
SNP_1542	0.488442	0.111561	0.724923
SNP_1543	0.021978	0.04	0.5
SNP_1544	0.023036	-0.006711	0.5
SNP_1545	0.021967	-0.006452	0.5
SNP_1546	0.025992	-0.007634	0.1369
SNP_1547	0.021967	-0.006452	0.5
SNP_1548	0.021967	-0.006452	0.5
SNP_1549	0.076455	0.044864	0.467311
SNP_1550	0.115946	0.060615	0.517586
SNP_1551	0.122219	0.02449	0.281521
SNP_1552	0.081633	0.259259	0.992164
SNP_1553	0.081633	0.259259	0.992164
SNP_1554	0.466486	0.085462	0.597531
SNP_1555	0.466486	0.085462	0.597531
SNP_1556	0.148157	0.088133	0.61904
SNP_1557	0.148157	0.088133	0.61904
SNP_1558	0.148157	0.088133	0.61904
SNP_1559	0.3676	0.114676	0.746895
SNP_1560	0.3676	0.114676	0.746895
SNP_1561	0.135242	0.146708	0.867659
SNP_1562	0.010204	0.0	0.5
SNP_1563	0.010204	0.0	0.5
SNP_1564	0.381437	-0.015542	0.009211
SNP_1565	0.381437	-0.015542	0.009211
SNP_1566	0.062027	0.079881	0.694965
SNP_1567	0.427083	0.056103	0.416957
SNP_1568	0.54766	0.604506	1.0
SNP_1569	0.047123	0.04	0.495886
SNP_1570	0.288291	0.024738	0.196555
SNP_1571	0.433866	0.114112	0.748962
SNP_1572	0.08079	-0.015515	0.001277
SNP_1573	0.08079	-0.015515	0.001277
SNP_1574	0.198907	0.076898	0.585836
SNP_1575	0.198907	0.076898	0.585836
SNP_1576	0.321186	0.080498	0.566024
SNP_1577	0.11461	0.050255	0.45651
SNP_1578	0.051863	0.014207	0.299593
SNP_1579	0.441564	0.091333	0.627965
SNP_1580	0.450054	0.126616	0.803282
SNP_1581	0.450054	0.126616	0.803282
SNP_1582	0.450054	0.126616	0.803282
SNP_1583	0.064826	0.075009	0.673195
SNP_1584	0.233195	0.073848	0.562064
SNP_1585	0.100748	0.116071	0.782006
SNP_1586	0.356091	0.023648	0.183075
SNP_1587	0.233655	0.10504	0.722216
SNP_1588	0.052536	0.024694	0.393515
SNP_1589	0.052536	0.024694	0.393515
SNP_1590	0.052536	0.024694	0.393515
SNP_1591	0.136418	-0.024858	0.003775
SNP_1592	0.019615	-0.00578	0.5
SNP_1593	0.043393	0.027533	0.454755
SNP_1594	0.043393	0.027533	0.454755
SNP_1595	0.107464	0.077253	0.609139
SNP_1596	0.066827	0.105758	0.798885
SNP_1597	0.497371	-0.019766	0.012293
SNP_1598	0.031136	0.015873	0.277104
SNP_1599	0.382559	0.202781	0.960944
SNP_1600	0.391013	0.113221	0.742317
SNP_1601	0.070476	0.114509	0.797723
SNP_1602	0.070476	0.114509	0.797723
SNP_1603	0.330579	-0.048128	3.8e-05
SNP_1604	0.345622	0.158127	0.894259
SNP_1605	0.195558	0.125484	0.805823
SNP_1606	0.021967	-0.006452	0.5
SNP_1607	0.021967	-0.006452	0.5
SNP_1608	0.479404	0.103618	0.685856
SNP_1609	0.112765	0.083713	0.642506
SNP_1610	0.112765	0.083713	0.642506
SNP_1611	0.112765	0.083713	0.642506
SNP_1612	0.072279	0.145098	0.879886
SNP_1613	0.34314	0.124314	0.791007
SNP_1614	0.071429	0.222222	0.976896
SNP_1615	0.071429	0.222222	0.976896
SNP_1616	0.088745	0.194897	0.955567
SNP_1617	0.076923	0.159524	0.908047
SNP_1618	0.076923	0.159524	0.908047
SNP_1619	0.495106	0.213113	0.978299
SNP_1620	0.112431	0.038946	0.378266
SNP_1621	0.112431	0.038946	0.378266
SNP_1622	0.112431	0.038946	0.378266
SNP_1623	0.112431	0.038946	0.378266
SNP_1624	0.112431	0.038946	0.378266
SNP_1625	0.043651	0.028044	0.458252
SNP_1626	0.035903	-0.010526	0.0
SNP_1627	0.357947	-0.034064	0.0
SNP_1628	0.372683	-0.042384	0.0
SNP_1629	0.122381	0.072292	0.597744
SNP_1630	0.043651	0.028044	0.458252
SNP_1631	0.345898	0.07393	0.526543
SNP_1632	0.517478	0.336413	0.999816
SNP_1633	0.517478	0.336413	0.999816
SNP_1634	0.517478	0.336413	0.999816
SNP_1635	0.227358	-0.009499	0.033694
SNP_1636	0.123524	-0.013075	0.027512
SNP_1637	0.436487	0.194	0.959185
SNP_1638	0.436487	0.194	0.959185
SNP_1639	0.069628	0.103332	0.789954
SNP_1640	0.085343	0.125604	0.83145
SNP_1641	0.04898	0.045817	0.527696
SNP_1642	0.468632	0.151282	0.879808
SNP_1643	0.473427	0.155847	0.891386
SNP_1644	0.47723	-0.040287	9e-06
SNP_1645	0.326656	-0.012219	0.018651
SNP_1646	0.054954	0.001063	0.144898
SNP_1647	0.076923	0.159524	0.908047
SNP_1648	0.02381	0.043478	0.570177
SNP_1649	0.02381	0.043478	0.570177
SNP_1650	0.385338	0.077286	0.554672
SNP_1651	0.385338	0.077286	0.554672
SNP_1652	0.385338	0.077286	0.554672
SNP_1653	0.385338	0.077286	0.554672
SNP_1654	0.515258	0.220118	0.970401
SNP_1655	0.071051	0.049196	0.493928
SNP_1656	0.471453	0.09208	0.634864
SNP_1657	0.064672	-0.013162	0.0
SNP_1658	0.393964	-0.017446	0.006841
SNP_1659	0.095238	0.148154	0.874439
SNP_1660	0.462877	-0.012715	0.018343
SNP_1661	0.50132	-0.027584	0.005093
SNP_1662	0.50132	-0.027584	0.005093
SNP_1663	0.078482	0.008562	0.159815
SNP_1664	0.282313	0.002251	0.068723
SNP_1665	0.398858	0.489175	1.0
SNP_1666	0.398858	0.489175	1.0
SNP_1667	0.24362	0.070111	0.540746
SNP_1668	0.080014	0.029471	0.353494
SNP_1669	0.505182	0.058773	0.434984
SNP_1670	0.477795	0.148119	0.863307
SNP_1671	0.372702	0.082862	0.589676
SNP_1672	0.02862	-0.008403	0.129775
SNP_1673	0.050729	0.008753	0.240885
SNP_1674	0.050729	0.008753	0.240885
SNP_1675	0.186905	0.157094	0.886971
SNP_1676	0.186905	0.157094	0.886971
SNP_1677	0.502947	-0.01494	0.019463
SNP_1678	0.247845	0.080221	0.59779
SNP_1679	0.169568	0.0271	0.251265
SNP_1680	0.035225	-0.013894	0.039181
SNP_1681	0.153197	0.106084	0.701448
SNP_1682	0.153197	0.106084	0.701448
SNP_1683	0.174224	0.071983	0.53618
SNP_1684	0.153197	0.106084	0.701448
SNP_1685	0.153197	0.106084	0.701448
SNP_1686	0.150843	-0.00912	0.042379
SNP_1687	0.150843	-0.00912	0.042379
SNP_1688	0.150843	-0.00912	0.042379
SNP_1689	0.266073	0.027535	0.231529
SNP_1690	0.108588	0.093802	0.691171
SNP_1691	0.025974	0.047619	1.0
SNP_1692	0.433	0.05856	0.425795
SNP_1693	0.066138	0.055192	0.577165
SNP_1694	0.066138	0.055192	0.577165
SNP_1695	0.049062	0.031604	0.444127
SNP_1696	0.045764	0.03003	0.471498
SNP_1697	0.039222	0.049684	0.592086
SNP_1698	0.494305	0.063417	0.458277
SNP_1699	0.514219	0.3669	0.999979
SNP_1700	0.225468	0.01678	0.171233
SNP_1701	0.389668	0.07937	0.566643
SNP_1702	0.256738	0.177444	0.92174
SNP_1703	0.473822	0.177828	0.935176
SNP_1704	0.071429	0.2	0.960397
SNP_1705	0.071429	0.2	0.960397
SNP_1706	0.318871	0.060273	0.441355
SNP_1707	0.253901	0.160868	0.893329
SNP_1708	0.050554	-0.020442	0.0
SNP_1709	0.273202	0.038906	0.319198
SNP_1710	0.273202	0.038906	0.319198
SNP_1711	0.057143	0.157895	0.951074
SNP_1712	0.057143	0.157895	0.951074
SNP_1713	0.174408	0.032728	0.291718
SNP_1714	0.117262	0.084227	0.658603
SNP_1715	0.293679	0.092063	0.637008
SNP_1716	0.293679	0.092063	0.637008
SNP_1717	0.293679	0.092063	0.637008
SNP_1718	0.293679	0.092063	0.637008
SNP_1719	0.199245	0.039567	0.341995
SNP_1720	0.146104	0.093932	0.703113
SNP_1721	0.413539	0.000184	0.052574
SNP_1722	0.240425	0.005762	0.100711
SNP_1723	0.27836	0.021552	0.18694
SNP_1724	0.088073	0.035904	0.404703
SNP_1725	0.240425	0.005762	0.100711
SNP_1726	0.240425	0.005762	0.100711
SNP_1727	0.056812	-0.006649	0.038367
SNP_1728	0.092661	-0.004339	0.05341
SNP_1729	0.047591	-0.021425	0.0
SNP_1730	0.047591	-0.021425	0.0
SNP_1731	0.047591	-0.021425	0.0
SNP_1732	0.035384	0.019911	0.397648
SNP_1733	0.035384	0.019911	0.397648
SNP_1734	0.149958	-0.004294	0.060677
SNP_1735	0.149958	-0.004294	0.060677
SNP_1736	0.149958	-0.004294	0.060677
SNP_1737	0.066656	0.042172	0.507864
SNP_1738	0.418594	0.009237	0.091906
SNP_1739	0.020408	0.037037	0.5
SNP_1740	0.120315	0.075785	0.616197
SNP_1741	0.120315	0.075785	0.616197
SNP_1742	0.152938	0.034272	0.302792
SNP_1743	0.118957	0.092537	0.697006
SNP_1744	0.465242	0.045477	0.346638
SNP_1745	0.423192	-0.03137	0.001594
SNP_1746	0.192494	0.044301	0.378498
SNP_1747	0.034354	-0.009901	0.114143
SNP_1748	0.32768	0.006525	0.07684
SNP_1749	0.115681	0.059732	0.51261
SNP_1750	0.062316	0.041065	0.501785
SNP_1751	0.031452	-0.009346	0.120254
SNP_1752	0.115681	0.059732	0.51261
SNP_1753	0.115681	0.059732	0.51261
SNP_1754	0.031452	-0.009346	0.120254
SNP_1755	0.031452	-0.009346	0.120254
SNP_1756	0.085779	0.006088	0.136206
SNP_1757	0.139311	0.075247	0.613387
SNP_1758	0.192346	0.005589	0.091658
SNP_1759	0.139311	0.075247	0.613387
SNP_1760	0.448942	0.29228	0.99773
SNP_1761	0.448942	0.29228	0.99773
SNP_1762	0.21824	0.059716	0.48071
SNP_1763	0.307589	0.027166	0.214768
SNP_1764	0.307589	0.027166	0.214768
SNP_1765	0.422636	0.057617	0.427488
SNP_1766	0.054167	0.072296	0.660759
SNP_1767	0.08177	0.090064	0.705224
SNP_1768	0.129526	0.051201	0.478597
SNP_1769	0.129526	0.051201	0.478597
SNP_1770	0.089672	0.073851	0.629089
SNP_1771	0.489675	0.366214	0.999882
SNP_1772	0.113379	0.247356	0.983488
SNP_1773	0.20938	0.014277	0.146055
SNP_1774	0.032871	-0.012912	0.068029
SNP_1775	0.028571	0.052632	1.0
SNP_1776	0.028571	0.052632	1.0
SNP_1777	0.285953	-0.016944	0.005565
SNP_1778	0.047286	0.030664	0.437699
SNP_1779	0.047286	0.030664	0.437699
SNP_1780	0.047286	0.030664	0.437699
SNP_1781	0.515012	0.208841	0.958674
SNP_1782	0.314952	-0.019584	0.003301
SNP_1783	0.314952	-0.019584	0.003301
SNP_1784	0.360771	0.213146	0.963558
SNP_1785	0.153531	0.025339	0.23867
SNP_1786	0.11576	0.046596	0.432505
SNP_1787	0.200605	0.047474	0.402146
SNP_1788	0.200605	0.047474	0.402146
SNP_1789	0.359879	0.146475	0.855878
SNP_1790	0.067994	0.013984	0.297336
SNP_1791	0.337343	0.305851	0.996365
SNP_1792	0.138605	0.127959	0.822725
SNP_1793	0.138605	0.127959	0.822725
SNP_1794	0.138605	0.127959	0.822725
SNP_1795	0.138605	0.127959	0.822725
SNP_1796	0.138605	0.127959	0.822725
SNP_1797	0.138605	0.127959	0.822725
SNP_1798	0.021263	-0.005988	0.5
SNP_1799	0.021263	-0.005988	0.5
SNP_1800	0.378088	-0.017761	0.006495
SNP_1801	0.378088	-0.017761	0.006495
SNP_1802	0.378088	-0.017761	0.006495
SNP_1803	0.308688	0.159074	0.884977
SNP_1804	0.429445	0.20499	0.961525
SNP_1805	0.429445	0.20499	0.961525
SNP_1806	0.503243	0.01294	0.118844
SNP_1807	0.179181	-0.009621	0.040697
SNP_1808	0.06589	-0.014151	0.0
SNP_1809	0.497575	0.111115	0.741951
SNP_1810	0.072521	0.015843	0.230166
SNP_1811	0.072521	0.015843	0.230166
SNP_1812	0.234836	0.225499	0.967844
SNP_1813	0.034493	0.021162	0.30601
SNP_1814	0.034493	0.021162	0.30601
SNP_1815	0.53421	0.456521	1.0
SNP_1816	0.24416	0.006966	0.107645
SNP_1817	0.029124	0.018654	0.29204
SNP_1818	0.190352	0.05739	0.470444
SNP_1819	0.298743	0.440168	0.999925
SNP_1820	0.081905	0.040541	0.438384
SNP_1821	0.52195	0.278513	0.996382
SNP_1822	0.521684	0.269689	0.994793
SNP_1823	0.521871	0.277905	0.996288
SNP_1824	0.100278	0.014378	0.181979
SNP_1825	0.088605	0.084721	0.681443
SNP_1826	0.178806	0.030656	0.276821
SNP_1827	0.472884	0.228772	0.983626
SNP_1828	0.219726	-0.022429	0.007686
SNP_1829	0.103792	0.010681	0.152918
SNP_1830	0.103792	0.010681	0.152918
SNP_1831	0.038567	0.021866	0.413264
SNP_1832	0.4776	0.010357	0.094243
SNP_1833	0.100429	-0.016404	0.010014
SNP_1834	0.151946	0.004449	0.10304
SNP_1835	0.028333	-0.008403	0.129775
SNP_1836	0.115443	-0.017032	0.008809
SNP_1837	0.077922	0.105927	0.768217
SNP_1838	0.367175	0.07957	0.571204
SNP_1839	0.188699	0.00149	0.070454
SNP_1840	0.189624	0.000506	0.065834
SNP_1841	0.222896	0.065727	0.515603
SNP_1842	0.216959	0.189349	0.937078
SNP_1843	0.057937	0.064167	0.622144
SNP_1844	0.062316	0.041065	0.501785
SNP_1845	0.056758	0.037744	0.482925
SNP_1846	0.170827	0.004951	0.105802
SNP_1847	0.211131	0.054055	0.448521
SNP_1848	0.211131	0.054055	0.448521
SNP_1849	0.211131	0.054055	0.448521
SNP_1850	0.421102	0.043818	0.326897
SNP_1851	0.060615	0.018003	0.336257
SNP_1852	0.060615	0.018003	0.336257
SNP_1853	0.065561	0.025841	0.402476
SNP_1854	0.060615	0.018003	0.336257
SNP_1855	0.148168	0.149142	0.844039
SNP_1856	0.15243	0.048953	0.404134
SNP_1857	0.524322	0.319351	0.999812
SNP_1858	0.051469	-0.023333	0.0
SNP_1859	0.299044	-0.014804	0.008072
SNP_1860	0.236411	0.017629	0.177223
SNP_1861	0.119455	-0.014236	0.023793
SNP_1862	0.236411	0.017629	0.177223
SNP_1863	0.029124	0.018654	0.29204
SNP_1864	0.029124	0.018654	0.29204
SNP_1865	0.437725	0.004032	0.062582
SNP_1866	0.030612	0.074074	1.0
SNP_1867	0.075448	0.096084	0.730459
SNP_1868	0.173006	0.085843	0.607681
SNP_1869	0.030612	0.074074	1.0
SNP_1870	0.196282	0.088796	0.6508
SNP_1871	0.196282	0.088796	0.6508
SNP_1872	0.379347	0.110594	0.730469
SNP_1873	0.097403	0.218246	0.968434
SNP_1874	0.051072	0.005045	0.196557
SNP_1875	0.015873	0.0	0.5
SNP_1876	0.015873	0.0	0.5
SNP_1877	0.015873	0.0	0.5
SNP_1878	0.091558	-0.009143	0.019137
SNP_1879	0.091558	-0.009143	0.019137
SNP_1880	0.14548	0.033391	0.353401
SNP_1881	0.241503	0.051574	0.428549
SNP_1882	0.11729	-0.026775	0.002346
SNP_1883	0.028571	0.052632	1.0
SNP_1884	0.063492	0.047898	0.53888
SNP_1885	0.025992	-0.007634	0.1369
SNP_1886	0.025992	-0.007634	0.1369
SNP_1887	0.043135	0.041816	0.543601
SNP_1888	0.024711	-0.007299	0.139856
SNP_1889	0.469428	0.103166	0.693985
SNP_1890	0.469428	0.103166	0.693985
SNP_1891	0.469428	0.103166	0.693985
SNP_1892	0.049213	-0.019438	0.0
SNP_1893	0.257606	0.117988	0.770547
SNP_1894	0.489441	0.040165	0.295206
SNP_1895	0.489441	0.040165	0.295206
SNP_1896	0.489441	0.040165	0.295206
SNP_1897	0.489441	0.040165	0.295206
SNP_1898	0.489441	0.040165	0.295206
SNP_1899	0.249193	0.194826	0.943145
SNP_1900	0.269988	0.035901	0.296017
SNP_1901	0.066234	0.059118	0.597139
SNP_1902	0.406872	0.006691	0.079564
SNP_1903	0.310673	0.223973	0.970155
SNP_1904	0.418664	0.002309	0.060659
SNP_1905	0.448062	0.12367	0.791316
SNP_1906	0.353516	0.071838	0.527059
SNP_1907	0.020709	-0.005988	0.5
SNP_1908	0.010204	0.0	0.5
SNP_1909	0.157541	0.000114	0.080623
SNP_1910	0.029894	-0.00885	0.125382
SNP_1911	0.027557	-0.008	0.133571
SNP_1912	0.480738	0.061812	0.448047
SNP_1913	0.06393	-0.031444	0.0
SNP_1914	0.266987	-0.041378	4.5e-05
SNP_1915	0.460962	0.085211	0.596093
SNP_1916	0.044414	0.049072	0.588266
SNP_1917	0.37441	0.104464	0.701427
SNP_1918	0.190843	0.163229	0.898388
SNP_1919	0.054515	0.015167	0.309175
SNP_1920	0.28046	0.082187	0.598481
SNP_1921	0.28046	0.082187	0.598481
SNP_1922	0.28046	0.082187	0.598481
SNP_1923	0.392245	-0.037385	1.1e-05
SNP_1924	0.393077	-0.037191	1.2e-05
SNP_1925	0.393077	-0.037191	1.2e-05
SNP_1926	0.097143	0.109907	0.759186
SNP_1927	0.097143	0.109907	0.759186
SNP_1928	0.097143	0.109907	0.759186
SNP_1929	0.510052	0.537871	1.0
SNP_1930	0.510052	0.537871	1.0
SNP_1931	0.020408	0.037037	0.5
SNP_1932	0.378059	-0.045032	0.0
SNP_1933	0.495027	0.084914	0.596807
SNP_1934	0.072829	0.082251	0.670009
SNP_1935	0.139182	-0.005878	0.057955
SNP_1936	0.139182	-0.005878	0.057955
SNP_1937	0.139182	-0.005878	0.057955
SNP_1938	0.139182	-0.005878	0.057955
SNP_1939	0.251678	0.053379	0.425554
SNP_1940	0.274235	0.040588	0.332083
SNP_1941	0.12435	-0.050421	0.0
SNP_1942	0.251678	0.053379	0.425554
SNP_1943	0.356969	0.001097	0.043189
SNP_1944	0.299177	0.137601	0.828207
SNP_1945	0.416389	-0.007897	0.028185
SNP_1946	0.489555	0.034872	0.255984
SNP_1947	0.489555	0.034872	0.255984
SNP_1948	0.21292	0.352553	0.995675
SNP_1949	0.18668	0.261546	0.981242
SNP_1950	0.020408	0.037037	0.5
SNP_1951	0.065934	0.2	1.0
SNP_1952	0.032967	0.08	1.0
SNP_1953	0.491426	0.11423	0.737361
SNP_1954	0.491426	0.11423	0.737361
SNP_1955	0.491426	0.11423	0.737361
SNP_1956	0.028333	-0.008403	0.129775
SNP_1957	0.058422	-0.026468	0.0
SNP_1958	0.087396	0.022698	0.294356
SNP_1959	0.183506	0.187042	0.932854
SNP_1960	0.294607	-0.011542	0.013242
SNP_1961	0.153361	0.096961	0.661142
SNP_1962	0.153361	0.096961	0.661142
SNP_1963	0.153361	0.096961	0.661142
SNP_1964	0.146197	0.08633	0.668645
SNP_1965	0.045875	-0.018349	0.0
SNP_1966	0.030612	0.074074	1.0
SNP_1967	0.186067	0.069643	0.543843
SNP_1968	0.294131	0.153302	0.87156
SNP_1969	0.308757	0.070738	0.518773
SNP_1970	0.308757	0.070738	0.518773
SNP_1971	0.308757	0.070738	0.518773
SNP_1972	0.184819	0.052845	0.440293
SNP_1973	0.08873	0.028182	0.34263
SNP_1974	0.070674	0.116353	0.803665
SNP_1975	0.402399	0.030421	0.238447
SNP_1976	0.505202	0.096639	0.665462
SNP_1977	0.278885	0.123384	0.790764
SNP_1978	0.278885	0.123384	0.790764
SNP_1979	0.097733	0.08653	0.656538
SNP_1980	0.043651	0.028044	0.458252
SNP_1981	0.043651	0.028044	0.458252
SNP_1982	0.043651	0.028044	0.458252
SNP_1983	0.204848	-0.000238	0.062464
SNP_1984	0.181083	-0.003134	0.065634
SNP_1985	0.217455	0.168199	0.907169
SNP_1986	0.483458	0.032526	0.238746
SNP_1987	0.014286	0.0	0.5
SNP_1988	0.087798	0.166473	0.919598
SNP_1989	0.087798	0.166473	0.919598
SNP_1990	0.087798	0.166473	0.919598
SNP_1991	0.087798	0.166473	0.919598
SNP_1992	0.087798	0.166473	0.919598
SNP_1993	0.417796	0.044392	0.331227
SNP_1994	0.095319	0.077906	0.612582
SNP_1995	0.095319	0.077906	0.612582
SNP_1996	0.31232	0.037724	0.29582
SNP_1997	0.047619	0.090909	0.74162
SNP_1998	0.44797	0.033819	0.242764
SNP_1999	0.042857	0.105263	1.0
SNP_2000	0.051948	0.142857	0.915227
SNP_2001	0.043304	-0.017182	0.0
SNP_2002	0.035869	0.025862	0.443054
SNP_2003	0.035869	0.025862	0.443054
SNP_2004	0.035869	0.025862	0.443054
SNP_2005	0.030154	-0.011888	0.087385
SNP_2006	0.020408	0.037037	0.5
SNP_2007	0.039796	0.048433	0.584287
SNP_2008	0.05102	0.148148	0.928646
SNP_2009	0.05102	0.148148	0.928646
SNP_2010	0.306215	-0.035103	7e-06
SNP_2011	0.058422	-0.01353	0.0
SNP_2012	0.372721	0.014024	0.11398
SNP_2013	0.372721	0.014024	0.11398
SNP_2014	0.372721	0.014024	0.11398
SNP_2015	0.028571	0.052632	1.0
SNP_2016	0.020408	0.037037	0.5
SNP_2017	0.047619	0.117647	0.8403
SNP_2018	0.047619	0.117647	0.8403
SNP_2019	0.348215	0.0559	0.429511
SNP_2020	0.338898	0.059027	0.432876
SNP_2021	0.063492	0.176471	0.984239
SNP_2022	0.063492	0.176471	0.984239
SNP_2023	0.029792	0.01385	0.266469
SNP_2024	0.029792	0.01385	0.266469
SNP_2025	0.056581	0.036357	0.474623
SNP_2026	0.478424	0.136426	0.826504
SNP_2027	0.344919	0.077127	0.545774
SNP_2028	0.111964	0.019667	0.224863
SNP_2029	0.274676	0.149207	0.867814
SNP_2030	0.021967	-0.006452	0.5
SNP_2031	0.486945	0.055014	0.402621
SNP_2032	0.030612	0.074074	1.0
SNP_2033	0.072668	0.006256	0.137794
SNP_2034	0.395605	0.353117	0.999659
SNP_2035	0.395605	0.353117	0.999659
SNP_2036	0.395605	0.353117	0.999659
SNP_2037	0.461335	0.056108	0.421482
SNP_2038	0.106974	0.048655	0.446176
SNP_2039	0.160483	-0.004259	0.060824
SNP_2040	0.038354	0.024964	0.43659
SNP_2041	0.038354	0.024964	0.43659
SNP_2042	0.038354	0.024964	0.43659
SNP_2043	0.038354	0.024964	0.43659
SNP_2044	0.038354	0.024964	0.43659
SNP_2045	0.020408	0.037037	0.5
SNP_2046	0.324389	0.000772	0.053385
SNP_2047	0.324389	0.000772	0.053385
SNP_2048	0.494004	0.080415	0.558006
SNP_2049	0.285188	-0.019823	0.003136
SNP_2050	0.494004	0.080415	0.558006
SNP_2051	0.509691	0.088259	0.526368
SNP_2052	0.05247	-0.002589	0.09445
SNP_2053	0.22393	0.025295	0.233618
SNP_2054	0.074685	0.032968	0.381966
SNP_2055	0.02521	0.060606	1.0
SNP_2056	0.314133	0.028507	0.224943
SNP_2057	0.083333	0.26087	0.992576
SNP_2058	0.083333	0.26087	0.992576
SNP_2059	0.424196	0.084942	0.595682
SNP_2060	0.08242	0.018721	0.257533
SNP_2061	0.377368	-0.041241	0.0
SNP_2062	0.38614	-0.040606	1e-06
SNP_2063	0.381226	-0.041468	0.0
SNP_2064	0.044898	-0.017483	0.0
SNP_2065	0.051819	0.004233	0.186357
SNP_2066	0.465592	0.147386	0.869168
SNP_2067	0.470713	0.157498	0.895346
SNP_2068	0.465592	0.147386	0.869168
SNP_2069	0.465592	0.147386	0.869168
SNP_2070	0.248791	0.118749	0.777972
SNP_2071	0.248791	0.118749	0.777972
SNP_2072	0.483638	0.237615	0.985464
SNP_2073	0.506194	0.064015	0.469555
SNP_2074	0.506187	0.079052	0.561245
SNP_2075	0.506187	0.079052	0.561245
SNP_2076	0.213059	0.159394	0.891391
SNP_2077	0.434215	0.298266	0.998135
SNP_2078	0.042857	0.105263	1.0
SNP_2079	0.081723	0.063181	0.57289
SNP_2080	0.467928	0.223037	0.980635
SNP_2081	0.142337	0.105738	0.750871
SNP_2082	0.501233	0.083634	0.589082
SNP_2083	0.386219	0.065408	0.486124
SNP_2084	0.254025	0.101698	0.700145
SNP_2085	0.439778	0.077911	0.547651
SNP_2086	0.045051	0.057466	0.641618
SNP_2087	0.02381	0.043478	0.570177
SNP_2088	0.136343	0.05763	0.516083
SNP_2089	0.136343	0.05763	0.516083
SNP_2090	0.136343	0.05763	0.516083
SNP_2091	0.504909	0.141904	0.86422
SNP_2092	0.133312	0.008142	0.14887
SNP_2093	0.046703	0.044706	0.561264
SNP_2094	0.032685	0.018276	0.289981
SNP_2095	0.032685	0.018276	0.289981
SNP_2096	0.032685	0.018276	0.289981
SNP_2097	0.047619	0.130435	0.880521
SNP_2098	0.153705	0.0387	0.334274
SNP_2099	0.102495	-0.012875	0.018682
SNP_2100	0.06774	-0.015744	0.0
SNP_2101	0.027056	-0.008	0.133571
SNP_2102	0.127928	0.105307	0.74925
SNP_2103	0.295946	-0.025294	0.000767
SNP_2104	0.238179	0.020097	0.194972
SNP_2105	0.238179	0.020097	0.194972
SNP_2106	0.238179	0.020097	0.194972
SNP_2107	0.238179	0.020097	0.194972
SNP_2108	0.502032	0.102938	0.700079
SNP_2109	0.020408	0.037037	0.5
SNP_2110	0.087912	0.28	0.996318
SNP_2111	0.087912	0.28	0.996318
SNP_2112	0.15329	0.042783	0.36272
SNP_2113	0.021978	0.04	0.5
SNP_2114	0.021978	0.04	0.5
SNP_2115	0.040121	-0.015692	0.0
SNP_2116	0.040121	-0.015692	0.0
SNP_2117	0.040121	-0.015692	0.0
SNP_2118	0.261938	0.179337	0.924481
SNP_2119	0.041171	-0.012048	0.0
SNP_2120	0.041171	-0.012048	0.0
SNP_2121	0.044345	-0.017694	0.0
SNP_2122	0.041171	-0.012048	0.0
SNP_2123	0.041171	-0.012048	0.0
SNP_2124	0.444567	0.017939	0.133986
SNP_2125	0.444567	0.017939	0.133986
SNP_2126	0.035714	0.086957	0.862845
SNP_2127	0.123006	0.016131	0.212356
SNP_2128	0.040625	0.031549	0.481278
SNP_2129	0.170126	0.00157	0.087855
SNP_2130	0.090371	0.031814	0.372735
SNP_2131	0.071051	0.049196	0.493928
SNP_2132	0.055659	0.046296	0.53028
SNP_2133	0.055659	0.046296	0.53028
SNP_2134	0.055659	0.046296	0.53028
SNP_2135	0.502956	0.138261	0.852673
SNP_2136	0.24061	0.081433	0.604458
SNP_2137	0.24061	0.081433	0.604458
SNP_2138	0.110556	0.221807	0.970765
SNP_2139	0.29879	0.115416	0.747624
SNP_2140	0.032029	-0.00885	0.125382
SNP_2141	0.032029	-0.00885	0.125382
SNP_2142	0.237198	0.032934	0.291981
SNP_2143	0.344941	0.1948	0.952559
SNP_2144	0.031746	0.058824	1.0
SNP_2145	0.031746	0.058824	1.0
SNP_2146	0.031746	0.058824	1.0
SNP_2147	0.026659	-0.007634	0.1369
SNP_2148	0.025777	-0.007634	0.1369
SNP_2149	0.025777	-0.007634	0.1369
SNP_2150	0.256186	0.053332	0.425231
SNP_2151	0.046815	-0.018494	0.0
SNP_2152	0.364016	0.259664	0.987951
SNP_2153	0.257488	0.008206	0.099574
SNP_2154	0.087202	0.061801	0.565319
SNP_2155	0.087202	0.061801	0.565319
SNP_2156	0.087202	0.061801	0.565319
SNP_2157	0.087202	0.061801	0.565319
SNP_2158	0.269102	0.040399	0.33064
SNP_2159	0.125458	0.099332	0.725826
SNP_2160	0.094192	0.014999	0.186952
SNP_2161	0.22203	0.057729	0.468536
SNP_2162	0.146405	0.087732	0.675219
SNP_2163	0.222452	0.132562	0.824558
SNP_2164	0.222452	0.132562	0.824558
SNP_2165	0.043651	0.028044	0.458252
SNP_2166	0.047619	0.130435	0.880521
SNP_2167	0.047619	0.130435	0.880521
SNP_2168	0.278523	0.082128	0.59815
SNP_2169	0.278523	0.082128	0.59815
SNP_2170	0.420461	0.330845	0.997786
SNP_2171	0.466165	0.487251	1.0
SNP_2172	0.342688	-0.004329	0.036843
SNP_2173	0.342688	-0.004329	0.036843
SNP_2174	0.445438	0.15279	0.888049
SNP_2175	0.481628	0.098014	0.65659
SNP_2176	0.481628	0.098014	0.65659
SNP_2177	0.044252	0.03133	0.479886
SNP_2178	0.20654	0.032717	0.287524
SNP_2179	0.0572	-0.004697	0.064854
SNP_2180	0.0572	-0.004697	0.064854
SNP_2181	0.0572	-0.004697	0.064854
SNP_2182	0.106378	-0.029395	5.6e-05
SNP_2183	0.118376	0.03537	0.36874
SNP_2184	0.021978	0.04	0.5
SNP_2185	0.02381	0.043478	0.570177
SNP_2186	0.325702	0.128882	0.808518
SNP_2187	0.25612	0.101474	0.699079
SNP_2188	0.016807	0.030303	0.5
SNP_2189	0.067848	-0.002525	0.09535
SNP_2190	0.12489	0.162616	0.89684
SNP_2191	0.142827	0.010723	0.168818
SNP_2192	0.106854	0.04566	0.426155
SNP_2193	0.234917	0.104851	0.72138
SNP_2194	0.04709	0.00929	0.296591
SNP_2195	0.123397	0.1019	0.736112
SNP_2196	0.465489	0.229533	0.983991
SNP_2197	0.030612	0.074074	1.0
SNP_2198	0.467326	0.112839	0.74104
SNP_2199	0.467812	0.113418	0.743707
SNP_2200	0.467812	0.113418	0.743707
SNP_2201	0.058532	0.041415	0.503709
SNP_2202	0.245008	0.148096	0.86653
SNP_2203	0.263017	0.171278	0.912136
SNP_2204	0.020408	0.037037	0.5
SNP_2205	0.020408	0.037037	0.5
SNP_2206	0.020408	0.037037	0.5
SNP_2207	0.467207	0.251253	0.991801
SNP_2208	0.224524	0.169893	0.909997
SNP_2209	0.12824	-0.004239	0.066615
SNP_2210	0.308253	-0.006869	0.023881
SNP_2211	0.112183	0.013632	0.176034
SNP_2212	0.213358	0.180077	0.924204
SNP_2213	0.150401	0.051677	0.421672
SNP_2214	0.499695	0.18718	0.95564
SNP_2215	0.450219	0.060258	0.437468
SNP_2216	0.027056	-0.008	0.133571
SNP_2217	0.027056	-0.008	0.133571
SNP_2218	0.291095	0.019275	0.156998
SNP_2219	0.251314	0.143835	0.85427
SNP_2220	0.505531	0.123432	0.797688
SNP_2221	0.032029	-0.00885	0.125382
SNP_2222	0.032029	-0.00885	0.125382
SNP_2223	0.106937	0.047823	0.440701
SNP_2224	0.086072	-0.003363	0.05463
SNP_2225	0.086072	-0.003363	0.05463
SNP_2226	0.234721	0.037081	0.323645
SNP_2227	0.234721	0.037081	0.323645
SNP_2228	0.05619	0.036574	0.475939
SNP_2229	0.490082	0.195624	0.954431
SNP_2230	0.492077	0.174771	0.924318
SNP_2231	0.408972	0.130743	0.815928
SNP_2232	0.020191	-0.00578	0.5
SNP_2233	0.384406	0.02382	0.18978
SNP_2234	0.371608	0.040608	0.316669
SNP_2235	0.384406	0.02382	0.18978
SNP_2236	0.495048	0.052619	0.392087
SNP_2237	0.495048	0.052619	0.392087
SNP_2238	0.142857	0.313107	0.989195
SNP_2239	0.125078	0.082332	0.649371
SNP_2240	0.501655	0.061516	0.453331
SNP_2241	0.020408	0.037037	0.5
SNP_2242	0.505923	0.138591	0.853749
SNP_2243	0.146433	0.026901	0.301348
SNP_2244	0.293141	-0.033185	2.6e-05
SNP_2245	0.090245	0.025156	0.316387
SNP_2246	0.079481	0.024625	0.31168
SNP_2247	0.191032	0.034335	0.300488
SNP_2248	0.094838	0.030565	0.313576
SNP_2249	0.094838	0.030565	0.313576
SNP_2250	0.058673	0.016326	0.32046
SNP_2251	0.058673	0.016326	0.32046
SNP_2252	0.033069	-0.008	0.133571
SNP_2253	0.057454	-0.025265	0.0
SNP_2254	0.398117	-0.009068	0.021336
SNP_2255	0.091837	0.296296	0.998188
SNP_2256	0.504776	0.018595	0.151591
SNP_2257	0.061295	0.012991	0.287143
SNP_2258	0.504776	0.018595	0.151591
SNP_2259	0.343826	0.081965	0.574798
SNP_2260	0.051	0.010227	0.257493
SNP_2261	0.039755	-0.015427	0.0
SNP_2262	0.062316	0.041065	0.501785
SNP_2263	0.386603	0.022109	0.177577
SNP_2264	0.22208	0.086569	0.632151
SNP_2265	0.14151	0.091328	0.691634
SNP_2266	0.031746	0.058824	1.0
SNP_2267	0.098168	0.115789	0.781
SNP_2268	0.407428	0.035841	0.26656
SNP_2269	0.10262	0.069489	0.567174
SNP_2270	0.178543	0.039107	0.337139
SNP_2271	0.273286	-0.007553	0.031467
SNP_2272	0.029514	-0.008403	0.129775
SNP_2273	0.033613	0.090909	1.0
SNP_2274	0.294329	0.045893	0.357619
SNP_2275	0.294329	0.045893	0.357619
SNP_2276	0.294329	0.045893	0.357619
SNP_2277	0.265257	-0.006502	0.034637
SNP_2278	0.103698	-0.014378	0.014588
SNP_2279	0.085819	0.026874	0.331411
SNP_2280	0.090136	0.16179	0.911949
SNP_2281	0.215349	0.086068	0.629493
SNP_2282	0.233889	0.025872	0.237985
SNP_2283	0.233889	0.025872	0.237985
SNP_2284	0.233889	0.025872	0.237985
SNP_2285	0.241342	0.260001	0.983041
SNP_2286	0.312844	0.041061	0.321345
SNP_2287	0.043651	0.028044	0.458252
SNP_2288	0.332001	0.141527	0.850913
SNP_2289	0.021978	0.04	0.5
SNP_2290	0.048308	0.007856	0.230498
SNP_2291	0.019048	0.034483	0.5
SNP_2292	0.061224	0.185185	0.994276
SNP_2293	0.030612	0.074074	1.0
SNP_2294	0.423371	0.052523	0.391458
SNP_2295	0.081705	0.002528	0.103346
SNP_2296	0.066138	0.044235	0.519125
SNP_2297	0.066138	0.044235	0.519125
SNP_2298	0.066138	0.044235	0.519125
SNP_2299	0.066138	0.044235	0.519125
SNP_2300	0.07519	0.016662	0.238003
SNP_2301	0.07519	0.016662	0.238003
SNP_2302	0.179294	0.034711	0.305933
SNP_2303	0.016807	0.030303	0.5
SNP_2304	0.197237	0.008423	0.108082
SNP_2305	0.131169	0.114237	0.781007
SNP_2306	0.092222	0.189354	0.949812
SNP_2307	0.088039	0.081854	0.668146
SNP_2308	0.05994	0.059905	0.601088
SNP_2309	0.503032	0.101496	0.692324
SNP_2310	0.107143	0.169001	0.914637
SNP_2311	0.107143	0.169001	0.914637
SNP_2312	0.071332	0.019613	0.265904
SNP_2313	0.453272	-0.038163	0.000193
SNP_2314	0.031136	0.015873	0.277104
SNP_2315	0.031136	0.015873	0.277104
SNP_2316	0.233485	0.087134	0.635136
SNP_2317	0.075292	-0.031593	0.0
SNP_2318	0.112353	-0.006512	0.042764
SNP_2319	0.112353	-0.006512	0.042764
SNP_2320	0.112353	-0.006512	0.042764
SNP_2321	0.112353	-0.006512	0.042764
SNP_2322	0.100326	0.057949	0.502561
SNP_2323	0.063492	0.176471	0.984239
SNP_2324	0.319869	-0.000805	0.047848
SNP_2325	0.034493	0.021162	0.30601
SNP_2326	0.098214	0.099465	0.716474
SNP_2327	0.084873	0.043136	0.456034
SNP_2328	0.168886	0.036349	0.317622
SNP_2329	0.176024	0.06792	0.514733
SNP_2330	0.178611	0.067982	0.51506
SNP_2331	0.185754	0.137099	0.840505
SNP_2332	0.409449	0.082522	0.581418
SNP_2333	0.114213	0.001414	0.086842
SNP_2334	0.114213	0.001414	0.086842
SNP_2335	0.068285	0.016418	0.321342
SNP_2336	0.068285	0.016418	0.321342
SNP_2337	0.068285	0.016418	0.321342
SNP_2338	0.103549	0.026975	0.284665
SNP_2339	0.453189	-0.010747	0.018843
SNP_2340	0.454797	0.034702	0.267314
SNP_2341	0.441466	0.009874	0.08916
SNP_2342	0.033086	0.013499	0.264636
SNP_2343	0.033086	0.013499	0.264636
SNP_2344	0.033086	0.013499	0.264636
SNP_2345	0.078984	0.022498	0.292537
SNP_2346	0.078984	0.022498	0.292537
SNP_2347	0.071429	0.222222	0.976896
SNP_2348	0.091686	0.068621	0.602092
SNP_2349	0.282843	0.083684	0.606834
SNP_2350	0.095238	0.304348	0.99605
SNP_2351	0.063492	0.047898	0.53888
SNP_2352	0.500791	0.07842	0.557393
SNP_2353	0.073413	0.097756	0.737176
SNP_2354	0.073413	0.097756	0.737176
SNP_2355	0.020408	0.0	0.5
SNP_2356	0.293713	0.038858	0.304524
SNP_2357	0.293713	0.038858	0.304524
SNP_2358	0.327059	-0.000205	0.049909
SNP_2359	0.040116	-0.014963	0.0
SNP_2360	0.438551	-0.005477	0.030688
SNP_2361	0.068445	0.005277	0.199438
SNP_2362	0.157588	-0.006695	0.051101
SNP_2363	0.02381	0.043478	0.570177
SNP_2364	0.190006	0.028558	0.254196
SNP_2365	0.130475	0.090801	0.689269
SNP_2366	0.031979	0.025071	0.329264
SNP_2367	0.470467	0.43935	0.999999
SNP_2368	0.470467	0.43935	0.999999
SNP_2369	0.470467	0.43935	0.999999
SNP_2370	0.099454	0.201128	0.954779
SNP_2371	0.211046	0.098801	0.700242
SNP_2372	0.211046	0.098801	0.700242
SNP_2373	0.305946	0.024183	0.192437
SNP_2374	0.303347	0.024379	0.193889
SNP_2375	0.031746	0.058824	1.0
SNP_2376	0.031746	0.058824	1.0
SNP_2377	0.226981	0.027721	0.252048
SNP_2378	0.226981	0.027721	0.252048
SNP_2379	0.201374	0.020953	0.19465
SNP_2380	0.041171	0.027087	0.451672
SNP_2381	0.080357	0.104018	0.761227
SNP_2382	0.201374	0.020953	0.19465
SNP_2383	0.328437	0.008631	0.086695
SNP_2384	0.201374	0.020953	0.19465
SNP_2385	0.156368	0.043883	0.370256
SNP_2386	0.236365	0.157694	0.887656
SNP_2387	0.031746	0.058824	1.0
SNP_2388	0.084274	-0.042658	0.0
SNP_2389	0.129498	0.051915	0.482939
SNP_2390	0.137694	-0.020536	0.009132
SNP_2391	0.033959	-0.013456	0.054228
SNP_2392	0.082467	-0.012725	0.006119
SNP_2393	0.403328	0.002822	0.062601
SNP_2394	0.480516	-0.045837	0.0
SNP_2395	0.386705	0.067212	0.496685
SNP_2396	0.067706	-0.035118	0.0
SNP_2397	0.304971	0.04149	0.324603
SNP_2398	0.304971	0.04149	0.324603
SNP_2399	0.375962	0.196069	0.954022
SNP_2400	0.218585	0.035475	0.311421
SNP_2401	0.218585	0.035475	0.311421
SNP_2402	0.218585	0.035475	0.311421
SNP_2403	0.218585	0.035475	0.311421
SNP_2404	0.218585	0.035475	0.311421
SNP_2405	0.487801	0.063976	0.461791
SNP_2406	0.280653	0.152031	0.874464
SNP_2407	0.18697	0.128011	0.813906
SNP_2408	0.508455	0.155871	0.845693
SNP_2409	0.020408	0.037037	0.5
SNP_2410	0.092578	-0.003539	0.05762
SNP_2411	0.190004	0.189015	0.935119
SNP_2412	0.521355	0.372257	0.999987
SNP_2413	0.521355	0.372257	0.999987
SNP_2414	0.230104	0.005949	0.101774
SNP_2415	0.230104	0.005949	0.101774
SNP_2416	0.230104	0.005949	0.101774
SNP_2417	0.230104	0.005949	0.101774
SNP_2418	0.096208	0.007535	0.129182
SNP_2419	0.051072	0.005045	0.196557
SNP_2420	0.028617	-0.008	0.133571
SNP_2421	0.223477	0.096777	0.683945
SNP_2422	0.352891	-0.019629	0.001092
SNP_2423	0.07	0.065521	0.585582
SNP_2424	0.026786	0.064516	1.0
SNP_2425	0.035714	0.086957	0.862845
SNP_2426	0.385509	0.113442	0.743298
SNP_2427	0.169089	0.031386	0.282072
SNP_2428	0.042857	0.105263	1.0
SNP_2429	0.053968	0.055009	0.576223
SNP_2430	0.166478	0.023501	0.225605
SNP_2431	0.283256	-0.026756	0.000478
SNP_2432	0.17734	0.000822	0.084101
SNP_2433	0.059923	0.042786	0.511225
SNP_2434	0.059923	0.042786	0.511225
SNP_2435	0.027056	-0.008	0.133571
SNP_2436	0.02178	-0.006211	0.5
SNP_2437	0.028333	-0.008403	0.129775
SNP_2438	0.028333	-0.008403	0.129775
SNP_2439	0.488815	-0.026078	0.001518
SNP_2440	0.488815	-0.026078	0.001518
SNP_2441	0.424343	0.072451	0.521233
SNP_2442	0.275023	0.070117	0.529184
SNP_2443	0.501106	-0.028329	0.004635
SNP_2444	0.466326	0.039346	0.30161
SNP_2445	0.160552	0.016022	0.173977
SNP_2446	0.0549	-0.022265	0.0
SNP_2447	0.0549	-0.022265	0.0
SNP_2448	0.017857	0.0	0.5
SNP_2449	0.265602	0.043536	0.354428
SNP_2450	0.097336	-0.029148	6.8e-05
SNP_2451	0.045493	0.042991	0.550764
SNP_2452	0.048648	-0.019637	0.0
SNP_2453	0.030154	-0.011888	0.087385
SNP_2454	0.115663	0.068766	0.563183
SNP_2455	0.324636	0.251405	0.987052
SNP_2456	0.324636	0.251405	0.987052
SNP_2457	0.324636	0.251405	0.987052
SNP_2458	0.245008	0.148096	0.86653
SNP_2459	0.011905	0.0	0.5
SNP_2460	0.054945	0.16	0.955502
SNP_2461	0.486546	0.016643	0.130267
SNP_2462	0.047449	0.003896	0.182072
SNP_2463	0.047449	0.003896	0.182072
SNP_2464	0.405575	0.084379	0.592376
SNP_2465	0.1079	0.108755	0.754725
SNP_2466	0.405575	0.084379	0.592376
SNP_2467	0.35012	0.133065	0.81573
SNP_2468	0.405575	0.084379	0.592376
SNP_2469	0.10262	0.069489	0.567174
SNP_2470	0.10262	0.069489	0.567174
SNP_2471	0.391174	0.104754	0.7029
SNP_2472	0.391174	0.104754	0.7029
SNP_2473	0.391174	0.104754	0.7029
SNP_2474	0.391174	0.104754	0.7029
SNP_2475	0.484253	0.161667	0.897963
SNP_2476	0.084332	0.071646	0.617843
SNP_2477	0.040816	0.111111	1.0
SNP_2478	0.394211	0.047867	0.369322
SNP_2479	0.305964	0.042322	0.330904
SNP_2480	0.264096	0.024463	0.208368
SNP_2481	0.264096	0.024463	0.208368
SNP_2482	0.259405	0.021567	0.187049
SNP_2483	0.264096	0.024463	0.208368
SNP_2484	0.47512	0.1351	0.83076
SNP_2485	0.469388	0.299249	0.99847
SNP_2486	0.497898	0.1427	0.866645
SNP_2487	0.307277	0.066087	0.492295
SNP_2488	0.094659	0.057254	0.498644
SNP_2489	0.094659	0.057254	0.498644
SNP_2490	0.040816	0.076923	0.778412
SNP_2491	0.031431	-0.012443	0.077656
SNP_2492	0.144237	0.039473	0.399533
SNP_2493	0.260477	0.259898	0.983699
SNP_2494	0.260477	0.259898	0.983699
SNP_2495	0.260477	0.259898	0.983699
SNP_2496	0.067715	0.015759	0.314977
SNP_2497	0.067736	0.102041	0.785135
SNP_2498	0.180042	0.015238	0.168766
SNP_2499	0.359235	0.234446	0.977696
SNP_2500	0.080086	-0.0046	0.045774
SNP_2501	0.269686	0.007997	0.098394
SNP_2502	0.194319	0.067935	0.533807
SNP_2503	0.055894	0.037423	0.481026
SNP_2504	0.044345	-0.020134	0.0
SNP_2505	0.038961	0.095238	0.94681
SNP_2506	0.038961	0.095238	0.94681
SNP_2507	0.465215	0.138718	0.842862
SNP_2508	0.04033	0.025435	0.439996
SNP_2509	0.176256	0.204445	0.936138
SNP_2510	0.189923	0.244846	0.975155
SNP_2511	0.174964	0.285394	0.982919
SNP_2512	0.119399	0.040316	0.405676
SNP_2513	0.119399	0.040316	0.405676
SNP_2514	0.119399	0.040316	0.405676
SNP_2515	0.095452	0.064475	0.539288
SNP_2516	0.030612	0.074074	1.0
SNP_2517	0.095452	0.064475	0.539288
SNP_2518	0.340939	0.235069	0.981085
SNP_2519	0.098167	0.057455	0.499779
SNP_2520	0.098167	0.057455	0.499779
SNP_2521	0.025974	0.047619	1.0
SNP_2522	0.332793	0.005491	0.072248
SNP_2523	0.332793	0.005491	0.072248
SNP_2524	0.332793	0.005491	0.072248
SNP_2525	0.434348	0.008177	0.080903
SNP_2526	0.139717	0.042305	0.419905
SNP_2527	0.066545	0.076474	0.679817
SNP_2528	0.066545	0.076474	0.679817
SNP_2529	0.066545	0.076474	0.679817
SNP_2530	0.066545	0.076474	0.679817
SNP_2531	0.066545	0.076474	0.679817
SNP_2532	0.137343	0.12031	0.800482
SNP_2533	0.318987	0.036915	0.270067
SNP_2534	0.439163	0.227231	0.983491
SNP_2535	0.162599	0.040728	0.348489
SNP_2536	0.043393	0.027533	0.454755
SNP_2537	0.043393	0.027533	0.454755
SNP_2538	0.043393	0.027533	0.454755
SNP_2539	0.043393	0.027533	0.454755
SNP_2540	0.043393	0.027533	0.454755
SNP_2541	0.043393	0.027533	0.454755
SNP_2542	0.10928	0.212378	0.964233
SNP_2543	0.042823	-0.001342	0.146138
SNP_2544	0.377965	0.239414	0.984938
SNP_2545	0.222005	0.035681	0.312993
SNP_2546	0.072721	0.038389	0.423094
SNP_2547	0.072721	0.038389	0.423094
SNP_2548	0.166614	0.186938	0.915013
SNP_2549	0.162069	0.072101	0.536801
SNP_2550	0.079834	0.052849	0.514954
SNP_2551	0.079834	0.052849	0.514954
SNP_2552	0.079834	0.052849	0.514954
SNP_2553	0.079834	0.052849	0.514954
SNP_2554	0.079834	0.052849	0.514954
SNP_2555	0.495992	-0.007724	0.035123
SNP_2556	0.385978	0.007397	0.085132
SNP_2557	0.047286	0.030664	0.437699
SNP_2558	0.047286	0.030664	0.437699
SNP_2559	0.048111	-0.021911	0.0
SNP_2560	0.16554	0.090373	0.629986
SNP_2561	0.47368	-0.005807	0.035529
SNP_2562	0.266832	0.087797	0.629378
SNP_2563	0.266832	0.087797	0.629378
SNP_2564	0.065934	0.2	1.0
SNP_2565	0.065934	0.2	1.0
SNP_2566	0.03192	0.019344	0.295827
SNP_2567	0.089209	0.039197	0.428904
SNP_2568	0.089209	0.039197	0.428904
