45
47
49
75
77
91
185
195
208
229
231
251
256
283
284
289
339
350
357
368
382
383
395
445
460
554
560
561
568
643
831
861
894
902
932
947
985
1029
1117
1134
1276
1387
1417
1481
1486
1547
1549
1591
1612
1632
1677
1725
1743
1747
1772
1776
1784
1787
1795
1805
1821
1851
1883
1909
1952
1960
1984
2035
2100
2101
2123
2230
2242
2257
2358
2373
2385
2392
2415
2417
2431
2436
2507
2530
2539
2550
2590
2601
2611
2613
2628
2689
2695
2742
2760
2793
2799
2805
2853
2876
2879
2901
2910
2935
2951
2968
2976
2998
3004
3056
3068
3086
3087
3107
3111
3144
3150
3180
3181
3259
3265
3268
3272
3301
3312
3321
3440
3444
3453
3485
3556
3576
3597
3599
3600
3641
3736
3771
3777
3787
3836
3854
3899
3901
3931
3940
3966
3987
3994
4011
4031
4035
4052
4063
4065
4071
4077
4117
4165
4166
4171
4180
4197
4200
4201
4210
4247
4257
4259
4282
4299
4307
4346
4348
4357
4423
4427
4431
4471
4484
4529
4616
4656
4666
4696
4704
4705
4727
4739
4766
